station_name,date,hour,temperature,wind_direction,wind_km/h,precipitation_mm,location
AEROPARQUE,27/ENE/2022,00Hs,16.7,148,23,0.0,-34.57 -58.42
AEROPARQUE,27/ENE/2022,03Hs,14.7,157,20,0.0,-34.57 -58.42
AEROPARQUE,27/ENE/2022,06Hs,13.8,158,19,0.0,-34.57 -58.42
AEROPARQUE,27/ENE/2022,09Hs,16.5,152,18,0.0,-34.57 -58.42
AEROPARQUE,27/ENE/2022,12Hs,19.1,136,16,0.0,-34.57 -58.42
AEROPARQUE,27/ENE/2022,15Hs,20.6,123,13,0.0,-34.57 -58.42
AEROPARQUE,27/ENE/2022,18Hs,20.1,110,14,0.0,-34.57 -58.42
AEROPARQUE,27/ENE/2022,21Hs,16.8,102,13,0.0,-34.57 -58.42
AEROPARQUE,28/ENE/2022,00Hs,16.0,85,10,0.0,-34.57 -58.42
AEROPARQUE,28/ENE/2022,03Hs,14.3,71,8,0.0,-34.57 -58.42
AEROPARQUE,28/ENE/2022,06Hs,13.4,63,7,0.0,-34.57 -58.42
AEROPARQUE,28/ENE/2022,09Hs,18.2,71,9,0.0,-34.57 -58.42
AEROPARQUE,28/ENE/2022,12Hs,21.4,100,10,0.0,-34.57 -58.42
AEROPARQUE,28/ENE/2022,15Hs,22.8,113,10,0.0,-34.57 -58.42
AEROPARQUE,28/ENE/2022,18Hs,21.2,116,10,0.0,-34.57 -58.42
AEROPARQUE,28/ENE/2022,21Hs,17.7,106,10,0.0,-34.57 -58.42
AEROPARQUE,29/ENE/2022,00Hs,17.6,84,10,0.0,-34.57 -58.42
AEROPARQUE,29/ENE/2022,03Hs,16.0,58,8,0.0,-34.57 -58.42
AEROPARQUE,29/ENE/2022,06Hs,14.1,18,6,0.0,-34.57 -58.42
AEROPARQUE,29/ENE/2022,09Hs,20.8,11,10,0.0,-34.57 -58.42
AEROPARQUE,29/ENE/2022,12Hs,26.6,33,9,0.0,-34.57 -58.42
AEROPARQUE,29/ENE/2022,15Hs,28.0,81,11,0.0,-34.57 -58.42
AEROPARQUE,29/ENE/2022,18Hs,25.3,102,13,0.0,-34.57 -58.42
AEROPARQUE,29/ENE/2022,21Hs,20.9,98,14,0.0,-34.57 -58.42
AEROPARQUE,30/ENE/2022,00Hs,18.7,52,7,0.0,-34.57 -58.42
AEROPARQUE,30/ENE/2022,03Hs,17.8,35,10,0.0,-34.57 -58.42
AEROPARQUE,30/ENE/2022,06Hs,16.5,23,10,0.0,-34.57 -58.42
AEROPARQUE,30/ENE/2022,09Hs,21.9,6,12,0.0,-34.57 -58.42
AEROPARQUE,30/ENE/2022,12Hs,28.6,9,10,0.0,-34.57 -58.42
AEROPARQUE,30/ENE/2022,15Hs,30.7,48,12,0.0,-34.57 -58.42
AEROPARQUE,30/ENE/2022,18Hs,29.4,60,11,0.0,-34.57 -58.42
AEROPARQUE,30/ENE/2022,21Hs,22.3,63,6,0.0,-34.57 -58.42
AEROPARQUE,31/ENE/2022,00Hs,20.6,14,7,0.0,-34.57 -58.42
AEROPARQUE,31/ENE/2022,03Hs,18.4,328,7,0.0,-34.57 -58.42
AEROPARQUE,31/ENE/2022,06Hs,17.0,281,7,0.2,-34.57 -58.42
AEROPARQUE,31/ENE/2022,09Hs,21.4,220,7,0.6,-34.57 -58.42
AEROPARQUE,31/ENE/2022,12Hs,26.8,144,14,0.0,-34.57 -58.42
AEROPARQUE,31/ENE/2022,15Hs,26.9,97,14,0.0,-34.57 -58.42
AEROPARQUE,31/ENE/2022,18Hs,24.1,119,17,0.0,-34.57 -58.42
AEROPARQUE,31/ENE/2022,21Hs,20.4,114,15,0.0,-34.57 -58.42
AZUL_AERO,27/ENE/2022,00Hs,12.0,144,16,0.0,-36.83 -59.88
AZUL_AERO,27/ENE/2022,03Hs,9.6,176,10,0.0,-36.83 -59.88
AZUL_AERO,27/ENE/2022,06Hs,9.3,175,12,0.0,-36.83 -59.88
AZUL_AERO,27/ENE/2022,09Hs,14.4,153,17,0.0,-36.83 -59.88
AZUL_AERO,27/ENE/2022,12Hs,18.7,139,15,0.0,-36.83 -59.88
AZUL_AERO,27/ENE/2022,15Hs,21.3,112,10,0.0,-36.83 -59.88
AZUL_AERO,27/ENE/2022,18Hs,21.1,62,10,0.0,-36.83 -59.88
AZUL_AERO,27/ENE/2022,21Hs,15.2,18,12,0.0,-36.83 -59.88
AZUL_AERO,28/ENE/2022,00Hs,13.4,358,8,0.0,-36.83 -59.88
AZUL_AERO,28/ENE/2022,03Hs,11.1,58,8,0.0,-36.83 -59.88
AZUL_AERO,28/ENE/2022,06Hs,10.1,30,8,0.0,-36.83 -59.88
AZUL_AERO,28/ENE/2022,09Hs,15.4,6,12,0.0,-36.83 -59.88
AZUL_AERO,28/ENE/2022,12Hs,20.2,351,14,0.0,-36.83 -59.88
AZUL_AERO,28/ENE/2022,15Hs,22.6,354,15,0.0,-36.83 -59.88
AZUL_AERO,28/ENE/2022,18Hs,22.3,6,12,0.0,-36.83 -59.88
AZUL_AERO,28/ENE/2022,21Hs,16.4,31,10,0.0,-36.83 -59.88
AZUL_AERO,29/ENE/2022,00Hs,14.4,38,11,0.0,-36.83 -59.88
AZUL_AERO,29/ENE/2022,03Hs,12.9,28,11,0.0,-36.83 -59.88
AZUL_AERO,29/ENE/2022,06Hs,11.7,18,12,0.0,-36.83 -59.88
AZUL_AERO,29/ENE/2022,09Hs,17.0,355,15,0.0,-36.83 -59.88
AZUL_AERO,29/ENE/2022,12Hs,23.0,343,19,0.0,-36.83 -59.88
AZUL_AERO,29/ENE/2022,15Hs,25.5,342,18,0.0,-36.83 -59.88
AZUL_AERO,29/ENE/2022,18Hs,24.7,358,13,0.0,-36.83 -59.88
AZUL_AERO,29/ENE/2022,21Hs,18.7,11,12,0.0,-36.83 -59.88
AZUL_AERO,30/ENE/2022,00Hs,17.1,25,11,0.0,-36.83 -59.88
AZUL_AERO,30/ENE/2022,03Hs,15.9,19,14,0.0,-36.83 -59.88
AZUL_AERO,30/ENE/2022,06Hs,15.1,8,14,0.0,-36.83 -59.88
AZUL_AERO,30/ENE/2022,09Hs,19.9,337,21,0.0,-36.83 -59.88
AZUL_AERO,30/ENE/2022,12Hs,25.6,339,22,0.0,-36.83 -59.88
AZUL_AERO,30/ENE/2022,15Hs,27.9,329,24,0.0,-36.83 -59.88
AZUL_AERO,30/ENE/2022,18Hs,26.9,328,16,0.0,-36.83 -59.88
AZUL_AERO,30/ENE/2022,21Hs,19.8,333,13,0.3,-36.83 -59.88
AZUL_AERO,31/ENE/2022,00Hs,17.0,152,14,0.0,-36.83 -59.88
AZUL_AERO,31/ENE/2022,03Hs,14.9,167,26,0.0,-36.83 -59.88
AZUL_AERO,31/ENE/2022,06Hs,13.7,161,22,0.0,-36.83 -59.88
AZUL_AERO,31/ENE/2022,09Hs,16.8,156,23,0.0,-36.83 -59.88
AZUL_AERO,31/ENE/2022,12Hs,20.8,160,16,0.0,-36.83 -59.88
AZUL_AERO,31/ENE/2022,15Hs,23.3,197,10,0.0,-36.83 -59.88
AZUL_AERO,31/ENE/2022,18Hs,23.4,227,6,0.0,-36.83 -59.88
AZUL_AERO,31/ENE/2022,21Hs,17.3,19,9,0.0,-36.83 -59.88
BAHIA_BLANCA_AERO,27/ENE/2022,00Hs,14.9,107,7,0.0,-38.72 -62.17
BAHIA_BLANCA_AERO,27/ENE/2022,03Hs,14.3,61,3,0.0,-38.72 -62.17
BAHIA_BLANCA_AERO,27/ENE/2022,06Hs,13.4,333,6,0.0,-38.72 -62.17
BAHIA_BLANCA_AERO,27/ENE/2022,09Hs,16.8,175,7,0.0,-38.72 -62.17
BAHIA_BLANCA_AERO,27/ENE/2022,12Hs,21.5,170,16,0.0,-38.72 -62.17
BAHIA_BLANCA_AERO,27/ENE/2022,15Hs,23.5,150,17,0.0,-38.72 -62.17
BAHIA_BLANCA_AERO,27/ENE/2022,18Hs,23.5,120,16,0.0,-38.72 -62.17
BAHIA_BLANCA_AERO,27/ENE/2022,21Hs,18.5,113,15,0.0,-38.72 -62.17
BAHIA_BLANCA_AERO,28/ENE/2022,00Hs,16.7,45,17,0.0,-38.72 -62.17
BAHIA_BLANCA_AERO,28/ENE/2022,03Hs,16.2,339,14,0.0,-38.72 -62.17
BAHIA_BLANCA_AERO,28/ENE/2022,06Hs,15.7,335,18,0.0,-38.72 -62.17
BAHIA_BLANCA_AERO,28/ENE/2022,09Hs,21.2,332,23,0.0,-38.72 -62.17
BAHIA_BLANCA_AERO,28/ENE/2022,12Hs,27.8,328,17,0.0,-38.72 -62.17
BAHIA_BLANCA_AERO,28/ENE/2022,15Hs,31.2,322,16,0.0,-38.72 -62.17
BAHIA_BLANCA_AERO,28/ENE/2022,18Hs,31.1,323,18,0.0,-38.72 -62.17
BAHIA_BLANCA_AERO,28/ENE/2022,21Hs,24.7,0,16,0.0,-38.72 -62.17
BAHIA_BLANCA_AERO,29/ENE/2022,00Hs,21.5,3,24,0.0,-38.72 -62.17
BAHIA_BLANCA_AERO,29/ENE/2022,03Hs,20.1,351,21,0.0,-38.72 -62.17
BAHIA_BLANCA_AERO,29/ENE/2022,06Hs,20.2,337,25,0.0,-38.72 -62.17
BAHIA_BLANCA_AERO,29/ENE/2022,09Hs,24.7,333,30,0.0,-38.72 -62.17
BAHIA_BLANCA_AERO,29/ENE/2022,12Hs,31.0,329,29,0.0,-38.72 -62.17
BAHIA_BLANCA_AERO,29/ENE/2022,15Hs,34.5,332,25,0.0,-38.72 -62.17
BAHIA_BLANCA_AERO,29/ENE/2022,18Hs,34.6,327,28,0.0,-38.72 -62.17
BAHIA_BLANCA_AERO,29/ENE/2022,21Hs,27.8,335,43,0.4,-38.72 -62.17
BAHIA_BLANCA_AERO,30/ENE/2022,00Hs,24.0,347,20,0.9,-38.72 -62.17
BAHIA_BLANCA_AERO,30/ENE/2022,03Hs,23.2,339,31,0.6,-38.72 -62.17
BAHIA_BLANCA_AERO,30/ENE/2022,06Hs,21.5,326,31,0.0,-38.72 -62.17
BAHIA_BLANCA_AERO,30/ENE/2022,09Hs,25.4,304,30,0.0,-38.72 -62.17
BAHIA_BLANCA_AERO,30/ENE/2022,12Hs,29.6,257,29,0.0,-38.72 -62.17
BAHIA_BLANCA_AERO,30/ENE/2022,15Hs,29.7,229,11,0.0,-38.72 -62.17
BAHIA_BLANCA_AERO,30/ENE/2022,18Hs,21.7,152,30,0.0,-38.72 -62.17
BAHIA_BLANCA_AERO,30/ENE/2022,21Hs,17.8,148,29,0.0,-38.72 -62.17
BAHIA_BLANCA_AERO,31/ENE/2022,00Hs,17.2,145,23,0.0,-38.72 -62.17
BAHIA_BLANCA_AERO,31/ENE/2022,03Hs,16.7,177,18,0.0,-38.72 -62.17
BAHIA_BLANCA_AERO,31/ENE/2022,06Hs,15.2,180,12,0.0,-38.72 -62.17
BAHIA_BLANCA_AERO,31/ENE/2022,09Hs,17.2,186,15,0.0,-38.72 -62.17
BAHIA_BLANCA_AERO,31/ENE/2022,12Hs,20.6,206,15,0.0,-38.72 -62.17
BAHIA_BLANCA_AERO,31/ENE/2022,15Hs,22.7,245,10,0.0,-38.72 -62.17
BAHIA_BLANCA_AERO,31/ENE/2022,18Hs,25.0,264,15,0.0,-38.72 -62.17
BAHIA_BLANCA_AERO,31/ENE/2022,21Hs,21.3,206,3,0.0,-38.72 -62.17
BARILOCHE_AERO,27/ENE/2022,00Hs,12.6,106,8,0.0,-41.15 -71.17
BARILOCHE_AERO,27/ENE/2022,03Hs,11.5,123,5,0.0,-41.15 -71.17
BARILOCHE_AERO,27/ENE/2022,06Hs,10.6,121,5,0.0,-41.15 -71.17
BARILOCHE_AERO,27/ENE/2022,09Hs,14.6,101,6,0.0,-41.15 -71.17
BARILOCHE_AERO,27/ENE/2022,12Hs,20.0,93,5,0.0,-41.15 -71.17
BARILOCHE_AERO,27/ENE/2022,15Hs,23.1,314,6,0.0,-41.15 -71.17
BARILOCHE_AERO,27/ENE/2022,18Hs,22.5,18,3,0.0,-41.15 -71.17
BARILOCHE_AERO,27/ENE/2022,21Hs,17.7,316,8,0.0,-41.15 -71.17
BARILOCHE_AERO,28/ENE/2022,00Hs,14.2,297,6,0.0,-41.15 -71.17
BARILOCHE_AERO,28/ENE/2022,03Hs,12.7,298,5,0.0,-41.15 -71.17
BARILOCHE_AERO,28/ENE/2022,06Hs,11.4,295,6,0.0,-41.15 -71.17
BARILOCHE_AERO,28/ENE/2022,09Hs,15.5,312,8,0.0,-41.15 -71.17
BARILOCHE_AERO,28/ENE/2022,12Hs,21.4,306,15,0.0,-41.15 -71.17
BARILOCHE_AERO,28/ENE/2022,15Hs,23.1,298,20,0.0,-41.15 -71.17
BARILOCHE_AERO,28/ENE/2022,18Hs,22.0,306,22,0.0,-41.15 -71.17
BARILOCHE_AERO,28/ENE/2022,21Hs,15.6,309,15,0.0,-41.15 -71.17
BARILOCHE_AERO,29/ENE/2022,00Hs,11.8,296,10,0.0,-41.15 -71.17
BARILOCHE_AERO,29/ENE/2022,03Hs,10.3,292,10,0.0,-41.15 -71.17
BARILOCHE_AERO,29/ENE/2022,06Hs,9.3,301,10,0.0,-41.15 -71.17
BARILOCHE_AERO,29/ENE/2022,09Hs,13.2,300,11,0.0,-41.15 -71.17
BARILOCHE_AERO,29/ENE/2022,12Hs,18.4,302,16,0.0,-41.15 -71.17
BARILOCHE_AERO,29/ENE/2022,15Hs,20.1,296,22,0.0,-41.15 -71.17
BARILOCHE_AERO,29/ENE/2022,18Hs,17.9,300,25,0.0,-41.15 -71.17
BARILOCHE_AERO,29/ENE/2022,21Hs,12.6,299,15,0.0,-41.15 -71.17
BARILOCHE_AERO,30/ENE/2022,00Hs,8.4,303,20,0.0,-41.15 -71.17
BARILOCHE_AERO,30/ENE/2022,03Hs,8.4,300,20,0.0,-41.15 -71.17
BARILOCHE_AERO,30/ENE/2022,06Hs,7.9,302,21,0.4,-41.15 -71.17
BARILOCHE_AERO,30/ENE/2022,09Hs,7.8,293,20,0.2,-41.15 -71.17
BARILOCHE_AERO,30/ENE/2022,12Hs,10.1,305,24,0.2,-41.15 -71.17
BARILOCHE_AERO,30/ENE/2022,15Hs,13.6,290,24,0.0,-41.15 -71.17
BARILOCHE_AERO,30/ENE/2022,18Hs,13.3,289,20,0.0,-41.15 -71.17
BARILOCHE_AERO,30/ENE/2022,21Hs,8.4,299,20,0.0,-41.15 -71.17
BARILOCHE_AERO,31/ENE/2022,00Hs,4.4,290,17,0.0,-41.15 -71.17
BARILOCHE_AERO,31/ENE/2022,03Hs,2.6,287,15,0.0,-41.15 -71.17
BARILOCHE_AERO,31/ENE/2022,06Hs,2.0,283,14,0.0,-41.15 -71.17
BARILOCHE_AERO,31/ENE/2022,09Hs,5.3,288,14,0.0,-41.15 -71.17
BARILOCHE_AERO,31/ENE/2022,12Hs,12.8,299,17,0.0,-41.15 -71.17
BARILOCHE_AERO,31/ENE/2022,15Hs,17.2,304,16,0.0,-41.15 -71.17
BARILOCHE_AERO,31/ENE/2022,18Hs,18.1,293,18,0.0,-41.15 -71.17
BARILOCHE_AERO,31/ENE/2022,21Hs,12.4,304,19,0.0,-41.15 -71.17
BENITO_JUAREZ_AERO,27/ENE/2022,00Hs,11.0,166,12,0.0,-37.7 -59.78
BENITO_JUAREZ_AERO,27/ENE/2022,03Hs,10.0,185,9,0.0,-37.7 -59.78
BENITO_JUAREZ_AERO,27/ENE/2022,06Hs,9.5,196,11,0.0,-37.7 -59.78
BENITO_JUAREZ_AERO,27/ENE/2022,09Hs,15.0,169,17,0.0,-37.7 -59.78
BENITO_JUAREZ_AERO,27/ENE/2022,12Hs,20.2,158,14,0.0,-37.7 -59.78
BENITO_JUAREZ_AERO,27/ENE/2022,15Hs,23.1,145,11,0.0,-37.7 -59.78
BENITO_JUAREZ_AERO,27/ENE/2022,18Hs,22.8,110,9,0.0,-37.7 -59.78
BENITO_JUAREZ_AERO,27/ENE/2022,21Hs,16.2,91,13,0.0,-37.7 -59.78
BENITO_JUAREZ_AERO,28/ENE/2022,00Hs,13.5,19,11,0.0,-37.7 -59.78
BENITO_JUAREZ_AERO,28/ENE/2022,03Hs,11.6,4,12,0.0,-37.7 -59.78
BENITO_JUAREZ_AERO,28/ENE/2022,06Hs,10.7,350,12,0.0,-37.7 -59.78
BENITO_JUAREZ_AERO,28/ENE/2022,09Hs,16.9,334,18,0.0,-37.7 -59.78
BENITO_JUAREZ_AERO,28/ENE/2022,12Hs,22.6,338,19,0.0,-37.7 -59.78
BENITO_JUAREZ_AERO,28/ENE/2022,15Hs,25.2,336,20,0.0,-37.7 -59.78
BENITO_JUAREZ_AERO,28/ENE/2022,18Hs,24.3,342,18,0.0,-37.7 -59.78
BENITO_JUAREZ_AERO,28/ENE/2022,21Hs,17.5,1,15,0.0,-37.7 -59.78
BENITO_JUAREZ_AERO,29/ENE/2022,00Hs,15.4,1,16,0.0,-37.7 -59.78
BENITO_JUAREZ_AERO,29/ENE/2022,03Hs,14.3,346,17,0.0,-37.7 -59.78
BENITO_JUAREZ_AERO,29/ENE/2022,06Hs,13.3,352,18,0.0,-37.7 -59.78
BENITO_JUAREZ_AERO,29/ENE/2022,09Hs,18.7,340,23,0.0,-37.7 -59.78
BENITO_JUAREZ_AERO,29/ENE/2022,12Hs,25.1,330,25,0.0,-37.7 -59.78
BENITO_JUAREZ_AERO,29/ENE/2022,15Hs,28.0,334,23,0.0,-37.7 -59.78
BENITO_JUAREZ_AERO,29/ENE/2022,18Hs,26.9,342,23,0.0,-37.7 -59.78
BENITO_JUAREZ_AERO,29/ENE/2022,21Hs,20.4,359,20,0.0,-37.7 -59.78
BENITO_JUAREZ_AERO,30/ENE/2022,00Hs,18.2,7,17,0.0,-37.7 -59.78
BENITO_JUAREZ_AERO,30/ENE/2022,03Hs,18.5,360,25,0.0,-37.7 -59.78
BENITO_JUAREZ_AERO,30/ENE/2022,06Hs,17.6,352,25,0.0,-37.7 -59.78
BENITO_JUAREZ_AERO,30/ENE/2022,09Hs,21.7,333,26,0.0,-37.7 -59.78
BENITO_JUAREZ_AERO,30/ENE/2022,12Hs,28.4,327,31,0.0,-37.7 -59.78
BENITO_JUAREZ_AERO,30/ENE/2022,15Hs,29.9,307,31,0.0,-37.7 -59.78
BENITO_JUAREZ_AERO,30/ENE/2022,18Hs,28.8,323,28,0.0,-37.7 -59.78
BENITO_JUAREZ_AERO,30/ENE/2022,21Hs,15.9,155,18,2.6,-37.7 -59.78
BENITO_JUAREZ_AERO,31/ENE/2022,00Hs,14.6,169,17,0.0,-37.7 -59.78
BENITO_JUAREZ_AERO,31/ENE/2022,03Hs,14.2,173,18,0.0,-37.7 -59.78
BENITO_JUAREZ_AERO,31/ENE/2022,06Hs,12.2,171,12,0.0,-37.7 -59.78
BENITO_JUAREZ_AERO,31/ENE/2022,09Hs,16.3,171,22,0.0,-37.7 -59.78
BENITO_JUAREZ_AERO,31/ENE/2022,12Hs,20.9,190,15,0.0,-37.7 -59.78
BENITO_JUAREZ_AERO,31/ENE/2022,15Hs,23.2,212,10,0.0,-37.7 -59.78
BENITO_JUAREZ_AERO,31/ENE/2022,18Hs,23.9,262,7,0.0,-37.7 -59.78
BENITO_JUAREZ_AERO,31/ENE/2022,21Hs,15.3,130,22,0.0,-37.7 -59.78
BERNARDO_DE_IRIGOYEN_AERO,27/ENE/2022,00Hs,18.7,202,7,0.4,-26.28 -53.67
BERNARDO_DE_IRIGOYEN_AERO,27/ENE/2022,03Hs,19.5,84,5,0.0,-26.28 -53.67
BERNARDO_DE_IRIGOYEN_AERO,27/ENE/2022,06Hs,18.2,360,3,0.1,-26.28 -53.67
BERNARDO_DE_IRIGOYEN_AERO,27/ENE/2022,09Hs,22.8,286,4,0.4,-26.28 -53.67
BERNARDO_DE_IRIGOYEN_AERO,27/ENE/2022,12Hs,24.8,240,10,1.8,-26.28 -53.67
BERNARDO_DE_IRIGOYEN_AERO,27/ENE/2022,15Hs,24.8,207,11,4.0,-26.28 -53.67
BERNARDO_DE_IRIGOYEN_AERO,27/ENE/2022,18Hs,20.8,184,10,5.2,-26.28 -53.67
BERNARDO_DE_IRIGOYEN_AERO,27/ENE/2022,21Hs,19.2,145,14,0.8,-26.28 -53.67
BERNARDO_DE_IRIGOYEN_AERO,28/ENE/2022,00Hs,17.8,147,13,0.0,-26.28 -53.67
BERNARDO_DE_IRIGOYEN_AERO,28/ENE/2022,03Hs,16.5,147,11,0.0,-26.28 -53.67
BERNARDO_DE_IRIGOYEN_AERO,28/ENE/2022,06Hs,16.4,138,8,0.0,-26.28 -53.67
BERNARDO_DE_IRIGOYEN_AERO,28/ENE/2022,09Hs,20.1,107,11,0.0,-26.28 -53.67
BERNARDO_DE_IRIGOYEN_AERO,28/ENE/2022,12Hs,19.8,106,8,0.1,-26.28 -53.67
BERNARDO_DE_IRIGOYEN_AERO,28/ENE/2022,15Hs,20.6,108,9,0.0,-26.28 -53.67
BERNARDO_DE_IRIGOYEN_AERO,28/ENE/2022,18Hs,18.9,113,7,0.0,-26.28 -53.67
BERNARDO_DE_IRIGOYEN_AERO,28/ENE/2022,21Hs,17.3,92,9,0.0,-26.28 -53.67
BERNARDO_DE_IRIGOYEN_AERO,29/ENE/2022,00Hs,16.4,77,10,0.0,-26.28 -53.67
BERNARDO_DE_IRIGOYEN_AERO,29/ENE/2022,03Hs,15.0,80,10,0.0,-26.28 -53.67
BERNARDO_DE_IRIGOYEN_AERO,29/ENE/2022,06Hs,14.3,98,8,0.0,-26.28 -53.67
BERNARDO_DE_IRIGOYEN_AERO,29/ENE/2022,09Hs,17.6,64,10,0.0,-26.28 -53.67
BERNARDO_DE_IRIGOYEN_AERO,29/ENE/2022,12Hs,20.6,61,9,0.0,-26.28 -53.67
BERNARDO_DE_IRIGOYEN_AERO,29/ENE/2022,15Hs,24.1,116,4,0.0,-26.28 -53.67
BERNARDO_DE_IRIGOYEN_AERO,29/ENE/2022,18Hs,22.3,66,10,0.3,-26.28 -53.67
BERNARDO_DE_IRIGOYEN_AERO,29/ENE/2022,21Hs,15.6,55,7,0.0,-26.28 -53.67
BERNARDO_DE_IRIGOYEN_AERO,30/ENE/2022,00Hs,14.6,53,10,0.0,-26.28 -53.67
BERNARDO_DE_IRIGOYEN_AERO,30/ENE/2022,03Hs,14.0,59,11,0.0,-26.28 -53.67
BERNARDO_DE_IRIGOYEN_AERO,30/ENE/2022,06Hs,12.8,73,8,0.0,-26.28 -53.67
BERNARDO_DE_IRIGOYEN_AERO,30/ENE/2022,09Hs,20.2,49,12,0.0,-26.28 -53.67
BERNARDO_DE_IRIGOYEN_AERO,30/ENE/2022,12Hs,24.4,33,8,0.5,-26.28 -53.67
BERNARDO_DE_IRIGOYEN_AERO,30/ENE/2022,15Hs,25.7,27,8,1.5,-26.28 -53.67
BERNARDO_DE_IRIGOYEN_AERO,30/ENE/2022,18Hs,24.4,20,11,0.0,-26.28 -53.67
BERNARDO_DE_IRIGOYEN_AERO,30/ENE/2022,21Hs,17.4,54,7,0.0,-26.28 -53.67
BERNARDO_DE_IRIGOYEN_AERO,31/ENE/2022,00Hs,17.5,36,15,0.0,-26.28 -53.67
BERNARDO_DE_IRIGOYEN_AERO,31/ENE/2022,03Hs,15.5,44,13,0.0,-26.28 -53.67
BERNARDO_DE_IRIGOYEN_AERO,31/ENE/2022,06Hs,14.4,47,9,0.0,-26.28 -53.67
BERNARDO_DE_IRIGOYEN_AERO,31/ENE/2022,09Hs,21.4,26,12,0.0,-26.28 -53.67
BERNARDO_DE_IRIGOYEN_AERO,31/ENE/2022,12Hs,28.8,26,7,0.0,-26.28 -53.67
BERNARDO_DE_IRIGOYEN_AERO,31/ENE/2022,15Hs,30.2,158,2,0.0,-26.28 -53.67
BERNARDO_DE_IRIGOYEN_AERO,31/ENE/2022,18Hs,26.1,221,3,0.0,-26.28 -53.67
BERNARDO_DE_IRIGOYEN_AERO,31/ENE/2022,21Hs,21.6,174,4,0.0,-26.28 -53.67
BOLIVAR_AERO,27/ENE/2022,00Hs,13.6,134,18,0.0,-36.18 -61.07
BOLIVAR_AERO,27/ENE/2022,03Hs,10.7,158,9,0.0,-36.18 -61.07
BOLIVAR_AERO,27/ENE/2022,06Hs,9.7,162,11,0.0,-36.18 -61.07
BOLIVAR_AERO,27/ENE/2022,09Hs,15.1,144,16,0.0,-36.18 -61.07
BOLIVAR_AERO,27/ENE/2022,12Hs,19.7,133,14,0.0,-36.18 -61.07
BOLIVAR_AERO,27/ENE/2022,15Hs,22.3,108,10,0.0,-36.18 -61.07
BOLIVAR_AERO,27/ENE/2022,18Hs,21.8,62,13,0.0,-36.18 -61.07
BOLIVAR_AERO,27/ENE/2022,21Hs,15.9,20,13,0.0,-36.18 -61.07
BOLIVAR_AERO,28/ENE/2022,00Hs,13.9,12,11,0.0,-36.18 -61.07
BOLIVAR_AERO,28/ENE/2022,03Hs,12.3,1,8,0.0,-36.18 -61.07
BOLIVAR_AERO,28/ENE/2022,06Hs,10.9,37,11,0.0,-36.18 -61.07
BOLIVAR_AERO,28/ENE/2022,09Hs,16.0,15,13,0.0,-36.18 -61.07
BOLIVAR_AERO,28/ENE/2022,12Hs,21.1,3,16,0.0,-36.18 -61.07
BOLIVAR_AERO,28/ENE/2022,15Hs,23.7,1,16,0.0,-36.18 -61.07
BOLIVAR_AERO,28/ENE/2022,18Hs,23.3,11,15,0.0,-36.18 -61.07
BOLIVAR_AERO,28/ENE/2022,21Hs,17.4,32,12,0.0,-36.18 -61.07
BOLIVAR_AERO,29/ENE/2022,00Hs,15.3,46,13,0.0,-36.18 -61.07
BOLIVAR_AERO,29/ENE/2022,03Hs,13.9,41,13,0.0,-36.18 -61.07
BOLIVAR_AERO,29/ENE/2022,06Hs,12.5,25,13,0.0,-36.18 -61.07
BOLIVAR_AERO,29/ENE/2022,09Hs,18.0,3,18,0.0,-36.18 -61.07
BOLIVAR_AERO,29/ENE/2022,12Hs,24.0,349,20,0.0,-36.18 -61.07
BOLIVAR_AERO,29/ENE/2022,15Hs,26.4,353,19,0.0,-36.18 -61.07
BOLIVAR_AERO,29/ENE/2022,18Hs,26.0,5,15,0.0,-36.18 -61.07
BOLIVAR_AERO,29/ENE/2022,21Hs,20.0,30,13,0.0,-36.18 -61.07
BOLIVAR_AERO,30/ENE/2022,00Hs,18.3,26,12,0.0,-36.18 -61.07
BOLIVAR_AERO,30/ENE/2022,03Hs,17.6,22,16,0.0,-36.18 -61.07
BOLIVAR_AERO,30/ENE/2022,06Hs,15.7,4,13,0.0,-36.18 -61.07
BOLIVAR_AERO,30/ENE/2022,09Hs,20.5,345,18,0.0,-36.18 -61.07
BOLIVAR_AERO,30/ENE/2022,12Hs,26.9,340,25,0.0,-36.18 -61.07
BOLIVAR_AERO,30/ENE/2022,15Hs,29.3,330,22,0.0,-36.18 -61.07
BOLIVAR_AERO,30/ENE/2022,18Hs,28.8,352,16,0.0,-36.18 -61.07
BOLIVAR_AERO,30/ENE/2022,21Hs,22.6,311,10,0.0,-36.18 -61.07
BOLIVAR_AERO,31/ENE/2022,00Hs,17.6,152,10,0.0,-36.18 -61.07
BOLIVAR_AERO,31/ENE/2022,03Hs,15.7,163,22,0.0,-36.18 -61.07
BOLIVAR_AERO,31/ENE/2022,06Hs,14.7,155,22,0.0,-36.18 -61.07
BOLIVAR_AERO,31/ENE/2022,09Hs,17.8,146,22,0.0,-36.18 -61.07
BOLIVAR_AERO,31/ENE/2022,12Hs,22.1,153,14,0.0,-36.18 -61.07
BOLIVAR_AERO,31/ENE/2022,15Hs,24.5,203,9,0.0,-36.18 -61.07
BOLIVAR_AERO,31/ENE/2022,18Hs,24.0,243,10,0.0,-36.18 -61.07
BOLIVAR_AERO,31/ENE/2022,21Hs,18.1,359,6,0.0,-36.18 -61.07
BUENOS_AIRES,27/ENE/2022,00Hs,14.4,143,24,0.0,-34.58 -58.48
BUENOS_AIRES,27/ENE/2022,03Hs,12.5,157,21,0.0,-34.58 -58.48
BUENOS_AIRES,27/ENE/2022,06Hs,10.9,160,16,0.0,-34.58 -58.48
BUENOS_AIRES,27/ENE/2022,09Hs,14.9,143,21,0.0,-34.58 -58.48
BUENOS_AIRES,27/ENE/2022,12Hs,19.4,138,19,0.0,-34.58 -58.48
BUENOS_AIRES,27/ENE/2022,15Hs,21.9,137,15,0.0,-34.58 -58.48
BUENOS_AIRES,27/ENE/2022,18Hs,21.3,139,16,0.0,-34.58 -58.48
BUENOS_AIRES,27/ENE/2022,21Hs,16.0,92,9,0.0,-34.58 -58.48
BUENOS_AIRES,28/ENE/2022,00Hs,14.4,97,8,0.0,-34.58 -58.48
BUENOS_AIRES,28/ENE/2022,03Hs,13.2,119,9,0.0,-34.58 -58.48
BUENOS_AIRES,28/ENE/2022,06Hs,12.3,90,5,0.0,-34.58 -58.48
BUENOS_AIRES,28/ENE/2022,09Hs,17.7,33,6,0.0,-34.58 -58.48
BUENOS_AIRES,28/ENE/2022,12Hs,22.3,68,10,0.0,-34.58 -58.48
BUENOS_AIRES,28/ENE/2022,15Hs,24.8,53,12,0.0,-34.58 -58.48
BUENOS_AIRES,28/ENE/2022,18Hs,23.4,53,14,0.0,-34.58 -58.48
BUENOS_AIRES,28/ENE/2022,21Hs,17.2,62,12,0.0,-34.58 -58.48
BUENOS_AIRES,29/ENE/2022,00Hs,15.9,73,11,0.0,-34.58 -58.48
BUENOS_AIRES,29/ENE/2022,03Hs,15.7,59,10,0.0,-34.58 -58.48
BUENOS_AIRES,29/ENE/2022,06Hs,14.8,31,11,0.0,-34.58 -58.48
BUENOS_AIRES,29/ENE/2022,09Hs,20.3,13,16,0.0,-34.58 -58.48
BUENOS_AIRES,29/ENE/2022,12Hs,25.7,357,13,0.0,-34.58 -58.48
BUENOS_AIRES,29/ENE/2022,15Hs,28.2,348,10,0.0,-34.58 -58.48
BUENOS_AIRES,29/ENE/2022,18Hs,28.3,34,9,0.0,-34.58 -58.48
BUENOS_AIRES,29/ENE/2022,21Hs,20.8,60,14,0.0,-34.58 -58.48
BUENOS_AIRES,30/ENE/2022,00Hs,19.5,63,15,0.0,-34.58 -58.48
BUENOS_AIRES,30/ENE/2022,03Hs,18.4,32,13,0.0,-34.58 -58.48
BUENOS_AIRES,30/ENE/2022,06Hs,16.6,19,12,0.0,-34.58 -58.48
BUENOS_AIRES,30/ENE/2022,09Hs,21.8,8,19,0.0,-34.58 -58.48
BUENOS_AIRES,30/ENE/2022,12Hs,28.0,349,15,0.0,-34.58 -58.48
BUENOS_AIRES,30/ENE/2022,15Hs,30.7,347,13,0.0,-34.58 -58.48
BUENOS_AIRES,30/ENE/2022,18Hs,30.3,14,9,0.0,-34.58 -58.48
BUENOS_AIRES,30/ENE/2022,21Hs,23.5,62,15,0.0,-34.58 -58.48
BUENOS_AIRES,31/ENE/2022,00Hs,21.5,32,10,0.0,-34.58 -58.48
BUENOS_AIRES,31/ENE/2022,03Hs,21.8,9,15,0.0,-34.58 -58.48
BUENOS_AIRES,31/ENE/2022,06Hs,17.4,229,10,0.9,-34.58 -58.48
BUENOS_AIRES,31/ENE/2022,09Hs,20.6,176,23,0.2,-34.58 -58.48
BUENOS_AIRES,31/ENE/2022,12Hs,25.3,162,22,0.0,-34.58 -58.48
BUENOS_AIRES,31/ENE/2022,15Hs,27.7,165,18,0.0,-34.58 -58.48
BUENOS_AIRES,31/ENE/2022,18Hs,26.2,165,17,0.0,-34.58 -58.48
BUENOS_AIRES,31/ENE/2022,21Hs,19.4,130,11,0.0,-34.58 -58.48
CATAMARCA_AERO,27/ENE/2022,00Hs,22.0,30,15,1.1,-28.6 -65.75
CATAMARCA_AERO,27/ENE/2022,03Hs,20.4,39,7,1.1,-28.6 -65.75
CATAMARCA_AERO,27/ENE/2022,06Hs,19.4,1,7,4.9,-28.6 -65.75
CATAMARCA_AERO,27/ENE/2022,09Hs,21.5,57,10,2.9,-28.6 -65.75
CATAMARCA_AERO,27/ENE/2022,12Hs,20.8,37,16,1.1,-28.6 -65.75
CATAMARCA_AERO,27/ENE/2022,15Hs,20.3,12,12,0.8,-28.6 -65.75
CATAMARCA_AERO,27/ENE/2022,18Hs,20.7,66,14,0.2,-28.6 -65.75
CATAMARCA_AERO,27/ENE/2022,21Hs,19.9,39,9,0.0,-28.6 -65.75
CATAMARCA_AERO,28/ENE/2022,00Hs,18.8,39,12,0.0,-28.6 -65.75
CATAMARCA_AERO,28/ENE/2022,03Hs,18.4,50,12,0.0,-28.6 -65.75
CATAMARCA_AERO,28/ENE/2022,06Hs,17.4,54,9,0.0,-28.6 -65.75
CATAMARCA_AERO,28/ENE/2022,09Hs,19.9,75,7,0.0,-28.6 -65.75
CATAMARCA_AERO,28/ENE/2022,12Hs,24.3,61,9,0.0,-28.6 -65.75
CATAMARCA_AERO,28/ENE/2022,15Hs,27.3,34,10,0.0,-28.6 -65.75
CATAMARCA_AERO,28/ENE/2022,18Hs,28.1,71,18,0.0,-28.6 -65.75
CATAMARCA_AERO,28/ENE/2022,21Hs,23.1,33,19,0.0,-28.6 -65.75
CATAMARCA_AERO,29/ENE/2022,00Hs,21.1,43,16,0.0,-28.6 -65.75
CATAMARCA_AERO,29/ENE/2022,03Hs,20.6,38,12,0.0,-28.6 -65.75
CATAMARCA_AERO,29/ENE/2022,06Hs,19.7,51,8,0.0,-28.6 -65.75
CATAMARCA_AERO,29/ENE/2022,09Hs,22.9,50,8,0.0,-28.6 -65.75
CATAMARCA_AERO,29/ENE/2022,12Hs,27.7,70,6,0.0,-28.6 -65.75
CATAMARCA_AERO,29/ENE/2022,15Hs,30.7,110,7,0.0,-28.6 -65.75
CATAMARCA_AERO,29/ENE/2022,18Hs,31.5,54,20,0.0,-28.6 -65.75
CATAMARCA_AERO,29/ENE/2022,21Hs,25.1,34,24,0.0,-28.6 -65.75
CATAMARCA_AERO,30/ENE/2022,00Hs,23.5,49,24,0.1,-28.6 -65.75
CATAMARCA_AERO,30/ENE/2022,03Hs,23.3,37,13,0.0,-28.6 -65.75
CATAMARCA_AERO,30/ENE/2022,06Hs,22.7,292,5,0.4,-28.6 -65.75
CATAMARCA_AERO,30/ENE/2022,09Hs,24.1,221,8,0.0,-28.6 -65.75
CATAMARCA_AERO,30/ENE/2022,12Hs,28.9,180,4,0.2,-28.6 -65.75
CATAMARCA_AERO,30/ENE/2022,15Hs,32.1,176,4,0.3,-28.6 -65.75
CATAMARCA_AERO,30/ENE/2022,18Hs,33.5,49,16,0.0,-28.6 -65.75
CATAMARCA_AERO,30/ENE/2022,21Hs,27.1,37,22,0.0,-28.6 -65.75
CATAMARCA_AERO,31/ENE/2022,00Hs,24.9,35,14,0.0,-28.6 -65.75
CATAMARCA_AERO,31/ENE/2022,03Hs,23.9,28,2,0.2,-28.6 -65.75
CATAMARCA_AERO,31/ENE/2022,06Hs,23.0,262,11,0.4,-28.6 -65.75
CATAMARCA_AERO,31/ENE/2022,09Hs,23.8,231,15,0.9,-28.6 -65.75
CATAMARCA_AERO,31/ENE/2022,12Hs,23.9,217,19,1.1,-28.6 -65.75
CATAMARCA_AERO,31/ENE/2022,15Hs,27.2,114,6,0.3,-28.6 -65.75
CATAMARCA_AERO,31/ENE/2022,18Hs,28.4,49,18,0.0,-28.6 -65.75
CATAMARCA_AERO,31/ENE/2022,21Hs,24.1,15,13,0.0,-28.6 -65.75
CERES_AERO,27/ENE/2022,00Hs,21.8,146,24,0.0,-29.88 -61.93
CERES_AERO,27/ENE/2022,03Hs,20.0,146,25,0.0,-29.88 -61.93
CERES_AERO,27/ENE/2022,06Hs,19.6,145,24,0.1,-29.88 -61.93
CERES_AERO,27/ENE/2022,09Hs,19.0,154,25,0.0,-29.88 -61.93
CERES_AERO,27/ENE/2022,12Hs,21.7,146,23,0.0,-29.88 -61.93
CERES_AERO,27/ENE/2022,15Hs,25.3,145,24,0.0,-29.88 -61.93
CERES_AERO,27/ENE/2022,18Hs,24.4,149,23,0.0,-29.88 -61.93
CERES_AERO,27/ENE/2022,21Hs,19.0,175,14,0.0,-29.88 -61.93
CERES_AERO,28/ENE/2022,00Hs,17.7,150,13,0.0,-29.88 -61.93
CERES_AERO,28/ENE/2022,03Hs,16.7,142,12,0.0,-29.88 -61.93
CERES_AERO,28/ENE/2022,06Hs,15.6,129,12,0.0,-29.88 -61.93
CERES_AERO,28/ENE/2022,09Hs,19.3,111,13,0.0,-29.88 -61.93
CERES_AERO,28/ENE/2022,12Hs,24.3,116,13,0.0,-29.88 -61.93
CERES_AERO,28/ENE/2022,15Hs,26.9,130,14,0.0,-29.88 -61.93
CERES_AERO,28/ENE/2022,18Hs,26.5,129,15,0.0,-29.88 -61.93
CERES_AERO,28/ENE/2022,21Hs,20.4,128,12,0.0,-29.88 -61.93
CERES_AERO,29/ENE/2022,00Hs,18.8,125,12,0.0,-29.88 -61.93
CERES_AERO,29/ENE/2022,03Hs,17.5,119,12,0.0,-29.88 -61.93
CERES_AERO,29/ENE/2022,06Hs,16.4,117,12,0.0,-29.88 -61.93
CERES_AERO,29/ENE/2022,09Hs,21.2,98,13,0.0,-29.88 -61.93
CERES_AERO,29/ENE/2022,12Hs,27.1,81,12,0.0,-29.88 -61.93
CERES_AERO,29/ENE/2022,15Hs,29.8,85,10,0.0,-29.88 -61.93
CERES_AERO,29/ENE/2022,18Hs,30.0,111,11,0.0,-29.88 -61.93
CERES_AERO,29/ENE/2022,21Hs,23.2,125,13,0.0,-29.88 -61.93
CERES_AERO,30/ENE/2022,00Hs,21.1,107,14,0.0,-29.88 -61.93
CERES_AERO,30/ENE/2022,03Hs,19.7,103,14,0.0,-29.88 -61.93
CERES_AERO,30/ENE/2022,06Hs,18.6,91,12,0.0,-29.88 -61.93
CERES_AERO,30/ENE/2022,09Hs,23.0,67,16,0.0,-29.88 -61.93
CERES_AERO,30/ENE/2022,12Hs,30.3,21,12,0.0,-29.88 -61.93
CERES_AERO,30/ENE/2022,15Hs,33.5,27,7,0.0,-29.88 -61.93
CERES_AERO,30/ENE/2022,18Hs,33.6,101,8,0.0,-29.88 -61.93
CERES_AERO,30/ENE/2022,21Hs,26.2,122,14,0.0,-29.88 -61.93
CERES_AERO,31/ENE/2022,00Hs,23.8,107,15,0.0,-29.88 -61.93
CERES_AERO,31/ENE/2022,03Hs,22.5,95,14,0.0,-29.88 -61.93
CERES_AERO,31/ENE/2022,06Hs,20.9,139,14,0.0,-29.88 -61.93
CERES_AERO,31/ENE/2022,09Hs,23.6,172,15,0.5,-29.88 -61.93
CERES_AERO,31/ENE/2022,12Hs,29.3,181,22,0.1,-29.88 -61.93
CERES_AERO,31/ENE/2022,15Hs,30.8,175,17,0.0,-29.88 -61.93
CERES_AERO,31/ENE/2022,18Hs,31.6,176,21,0.0,-29.88 -61.93
CERES_AERO,31/ENE/2022,21Hs,25.7,167,6,0.0,-29.88 -61.93
CHAMICAL_AERO,27/ENE/2022,00Hs,21.5,104,20,3.6,-30.35 -66.3
CHAMICAL_AERO,27/ENE/2022,03Hs,19.9,99,14,5.8,-30.35 -66.3
CHAMICAL_AERO,27/ENE/2022,06Hs,20.1,100,10,1.8,-30.35 -66.3
CHAMICAL_AERO,27/ENE/2022,09Hs,20.7,46,6,0.3,-30.35 -66.3
CHAMICAL_AERO,27/ENE/2022,12Hs,19.7,96,13,1.3,-30.35 -66.3
CHAMICAL_AERO,27/ENE/2022,15Hs,21.0,86,16,1.4,-30.35 -66.3
CHAMICAL_AERO,27/ENE/2022,18Hs,21.8,78,16,0.1,-30.35 -66.3
CHAMICAL_AERO,27/ENE/2022,21Hs,20.9,40,7,0.2,-30.35 -66.3
CHAMICAL_AERO,28/ENE/2022,00Hs,20.0,93,18,0.1,-30.35 -66.3
CHAMICAL_AERO,28/ENE/2022,03Hs,17.7,100,16,0.0,-30.35 -66.3
CHAMICAL_AERO,28/ENE/2022,06Hs,16.7,104,18,0.0,-30.35 -66.3
CHAMICAL_AERO,28/ENE/2022,09Hs,19.5,76,18,0.0,-30.35 -66.3
CHAMICAL_AERO,28/ENE/2022,12Hs,24.4,71,21,0.0,-30.35 -66.3
CHAMICAL_AERO,28/ENE/2022,15Hs,27.8,64,22,0.0,-30.35 -66.3
CHAMICAL_AERO,28/ENE/2022,18Hs,28.4,68,28,0.0,-30.35 -66.3
CHAMICAL_AERO,28/ENE/2022,21Hs,24.2,81,21,0.0,-30.35 -66.3
CHAMICAL_AERO,29/ENE/2022,00Hs,22.7,88,17,0.0,-30.35 -66.3
CHAMICAL_AERO,29/ENE/2022,03Hs,21.1,96,21,0.0,-30.35 -66.3
CHAMICAL_AERO,29/ENE/2022,06Hs,19.3,109,19,0.0,-30.35 -66.3
CHAMICAL_AERO,29/ENE/2022,09Hs,21.9,89,20,0.0,-30.35 -66.3
CHAMICAL_AERO,29/ENE/2022,12Hs,26.6,87,23,0.0,-30.35 -66.3
CHAMICAL_AERO,29/ENE/2022,15Hs,30.0,77,26,0.0,-30.35 -66.3
CHAMICAL_AERO,29/ENE/2022,18Hs,30.2,74,29,0.0,-30.35 -66.3
CHAMICAL_AERO,29/ENE/2022,21Hs,25.9,81,18,0.0,-30.35 -66.3
CHAMICAL_AERO,30/ENE/2022,00Hs,24.5,89,16,0.0,-30.35 -66.3
CHAMICAL_AERO,30/ENE/2022,03Hs,22.5,110,19,0.0,-30.35 -66.3
CHAMICAL_AERO,30/ENE/2022,06Hs,21.4,117,19,0.0,-30.35 -66.3
CHAMICAL_AERO,30/ENE/2022,09Hs,24.5,83,20,0.0,-30.35 -66.3
CHAMICAL_AERO,30/ENE/2022,12Hs,29.2,83,22,0.0,-30.35 -66.3
CHAMICAL_AERO,30/ENE/2022,15Hs,32.5,79,23,0.0,-30.35 -66.3
CHAMICAL_AERO,30/ENE/2022,18Hs,32.9,73,26,0.0,-30.35 -66.3
CHAMICAL_AERO,30/ENE/2022,21Hs,28.0,87,15,0.0,-30.35 -66.3
CHAMICAL_AERO,31/ENE/2022,00Hs,26.2,114,11,0.0,-30.35 -66.3
CHAMICAL_AERO,31/ENE/2022,03Hs,24.6,115,16,0.0,-30.35 -66.3
CHAMICAL_AERO,31/ENE/2022,06Hs,23.1,143,13,0.4,-30.35 -66.3
CHAMICAL_AERO,31/ENE/2022,09Hs,25.5,247,7,0.3,-30.35 -66.3
CHAMICAL_AERO,31/ENE/2022,12Hs,29.1,360,8,0.1,-30.35 -66.3
CHAMICAL_AERO,31/ENE/2022,15Hs,31.9,18,16,0.0,-30.35 -66.3
CHAMICAL_AERO,31/ENE/2022,18Hs,31.7,28,14,0.0,-30.35 -66.3
CHAMICAL_AERO,31/ENE/2022,21Hs,27.8,25,10,0.0,-30.35 -66.3
CHAPELCO_AERO,27/ENE/2022,00Hs,17.3,101,14,0.0,-40.08 -71.15
CHAPELCO_AERO,27/ENE/2022,03Hs,15.5,84,6,0.0,-40.08 -71.15
CHAPELCO_AERO,27/ENE/2022,06Hs,14.3,122,8,0.0,-40.08 -71.15
CHAPELCO_AERO,27/ENE/2022,09Hs,17.2,94,11,0.0,-40.08 -71.15
CHAPELCO_AERO,27/ENE/2022,12Hs,22.3,52,12,0.0,-40.08 -71.15
CHAPELCO_AERO,27/ENE/2022,15Hs,27.4,58,19,0.0,-40.08 -71.15
CHAPELCO_AERO,27/ENE/2022,18Hs,28.6,104,7,0.0,-40.08 -71.15
CHAPELCO_AERO,27/ENE/2022,21Hs,25.7,77,9,0.0,-40.08 -71.15
CHAPELCO_AERO,28/ENE/2022,00Hs,20.2,237,4,0.0,-40.08 -71.15
CHAPELCO_AERO,28/ENE/2022,03Hs,17.5,283,9,0.0,-40.08 -71.15
CHAPELCO_AERO,28/ENE/2022,06Hs,15.1,287,9,0.0,-40.08 -71.15
CHAPELCO_AERO,28/ENE/2022,09Hs,18.2,292,8,0.0,-40.08 -71.15
CHAPELCO_AERO,28/ENE/2022,12Hs,26.3,266,14,0.0,-40.08 -71.15
CHAPELCO_AERO,28/ENE/2022,15Hs,29.1,275,26,0.0,-40.08 -71.15
CHAPELCO_AERO,28/ENE/2022,18Hs,27.5,280,33,0.0,-40.08 -71.15
CHAPELCO_AERO,28/ENE/2022,21Hs,21.6,276,20,0.0,-40.08 -71.15
CHAPELCO_AERO,29/ENE/2022,00Hs,15.8,280,12,0.0,-40.08 -71.15
CHAPELCO_AERO,29/ENE/2022,03Hs,13.3,286,11,0.0,-40.08 -71.15
CHAPELCO_AERO,29/ENE/2022,06Hs,11.4,285,11,0.0,-40.08 -71.15
CHAPELCO_AERO,29/ENE/2022,09Hs,14.9,294,12,0.0,-40.08 -71.15
CHAPELCO_AERO,29/ENE/2022,12Hs,23.6,266,26,0.0,-40.08 -71.15
CHAPELCO_AERO,29/ENE/2022,15Hs,25.4,277,33,0.0,-40.08 -71.15
CHAPELCO_AERO,29/ENE/2022,18Hs,23.4,278,38,0.0,-40.08 -71.15
CHAPELCO_AERO,29/ENE/2022,21Hs,17.8,290,24,0.0,-40.08 -71.15
CHAPELCO_AERO,30/ENE/2022,00Hs,12.2,284,12,0.0,-40.08 -71.15
CHAPELCO_AERO,30/ENE/2022,03Hs,8.5,291,11,0.0,-40.08 -71.15
CHAPELCO_AERO,30/ENE/2022,06Hs,6.8,312,12,0.0,-40.08 -71.15
CHAPELCO_AERO,30/ENE/2022,09Hs,11.1,275,23,0.0,-40.08 -71.15
CHAPELCO_AERO,30/ENE/2022,12Hs,12.4,265,31,0.0,-40.08 -71.15
CHAPELCO_AERO,30/ENE/2022,15Hs,16.9,267,32,0.0,-40.08 -71.15
CHAPELCO_AERO,30/ENE/2022,18Hs,16.0,267,37,0.0,-40.08 -71.15
CHAPELCO_AERO,30/ENE/2022,21Hs,12.3,263,22,0.0,-40.08 -71.15
CHAPELCO_AERO,31/ENE/2022,00Hs,7.5,283,13,0.0,-40.08 -71.15
CHAPELCO_AERO,31/ENE/2022,03Hs,5.0,289,12,0.0,-40.08 -71.15
CHAPELCO_AERO,31/ENE/2022,06Hs,3.5,286,12,0.0,-40.08 -71.15
CHAPELCO_AERO,31/ENE/2022,09Hs,7.6,283,11,0.0,-40.08 -71.15
CHAPELCO_AERO,31/ENE/2022,12Hs,18.0,260,19,0.0,-40.08 -71.15
CHAPELCO_AERO,31/ENE/2022,15Hs,23.5,252,28,0.0,-40.08 -71.15
CHAPELCO_AERO,31/ENE/2022,18Hs,23.0,253,34,0.0,-40.08 -71.15
CHAPELCO_AERO,31/ENE/2022,21Hs,16.2,263,26,0.0,-40.08 -71.15
CHEPES,27/ENE/2022,00Hs,21.4,14,22,1.1,-31.33 -66.58
CHEPES,27/ENE/2022,03Hs,20.4,3,21,1.5,-31.33 -66.58
CHEPES,27/ENE/2022,06Hs,18.6,352,24,5.8,-31.33 -66.58
CHEPES,27/ENE/2022,09Hs,18.7,346,18,6.9,-31.33 -66.58
CHEPES,27/ENE/2022,12Hs,19.5,354,27,3.7,-31.33 -66.58
CHEPES,27/ENE/2022,15Hs,20.0,349,18,0.8,-31.33 -66.58
CHEPES,27/ENE/2022,18Hs,20.7,360,17,0.0,-31.33 -66.58
CHEPES,27/ENE/2022,21Hs,19.4,13,15,0.0,-31.33 -66.58
CHEPES,28/ENE/2022,00Hs,18.9,14,17,0.0,-31.33 -66.58
CHEPES,28/ENE/2022,03Hs,17.6,5,23,0.0,-31.33 -66.58
CHEPES,28/ENE/2022,06Hs,16.4,1,21,0.0,-31.33 -66.58
CHEPES,28/ENE/2022,09Hs,19.1,16,30,0.0,-31.33 -66.58
CHEPES,28/ENE/2022,12Hs,23.7,25,31,0.0,-31.33 -66.58
CHEPES,28/ENE/2022,15Hs,27.0,30,31,0.0,-31.33 -66.58
CHEPES,28/ENE/2022,18Hs,27.0,31,29,0.0,-31.33 -66.58
CHEPES,28/ENE/2022,21Hs,22.6,22,19,0.0,-31.33 -66.58
CHEPES,29/ENE/2022,00Hs,20.8,2,18,0.0,-31.33 -66.58
CHEPES,29/ENE/2022,03Hs,19.3,14,24,0.0,-31.33 -66.58
CHEPES,29/ENE/2022,06Hs,18.2,11,22,0.0,-31.33 -66.58
CHEPES,29/ENE/2022,09Hs,21.5,15,30,0.0,-31.33 -66.58
CHEPES,29/ENE/2022,12Hs,26.1,22,32,0.0,-31.33 -66.58
CHEPES,29/ENE/2022,15Hs,29.2,26,31,0.0,-31.33 -66.58
CHEPES,29/ENE/2022,18Hs,29.2,27,30,0.0,-31.33 -66.58
CHEPES,29/ENE/2022,21Hs,24.7,19,19,0.0,-31.33 -66.58
CHEPES,30/ENE/2022,00Hs,23.0,9,21,0.0,-31.33 -66.58
CHEPES,30/ENE/2022,03Hs,21.1,12,22,0.0,-31.33 -66.58
CHEPES,30/ENE/2022,06Hs,20.2,3,20,0.0,-31.33 -66.58
CHEPES,30/ENE/2022,09Hs,24.0,11,27,0.0,-31.33 -66.58
CHEPES,30/ENE/2022,12Hs,28.8,21,31,0.0,-31.33 -66.58
CHEPES,30/ENE/2022,15Hs,31.6,25,27,0.0,-31.33 -66.58
CHEPES,30/ENE/2022,18Hs,31.9,27,24,0.0,-31.33 -66.58
CHEPES,30/ENE/2022,21Hs,27.0,14,15,0.0,-31.33 -66.58
CHEPES,31/ENE/2022,00Hs,25.1,343,11,0.0,-31.33 -66.58
CHEPES,31/ENE/2022,03Hs,23.0,357,10,0.4,-31.33 -66.58
CHEPES,31/ENE/2022,06Hs,21.3,178,4,0.9,-31.33 -66.58
CHEPES,31/ENE/2022,09Hs,24.2,138,10,0.0,-31.33 -66.58
CHEPES,31/ENE/2022,12Hs,27.5,88,3,0.0,-31.33 -66.58
CHEPES,31/ENE/2022,15Hs,31.2,44,11,0.0,-31.33 -66.58
CHEPES,31/ENE/2022,18Hs,29.4,264,11,0.1,-31.33 -66.58
CHEPES,31/ENE/2022,21Hs,26.4,25,2,0.0,-31.33 -66.58
CHILECITO_AERO,27/ENE/2022,00Hs,20.0,67,9,0.1,-29.22 -67.45
CHILECITO_AERO,27/ENE/2022,03Hs,18.4,91,9,0.1,-29.22 -67.45
CHILECITO_AERO,27/ENE/2022,06Hs,16.1,92,7,1.6,-29.22 -67.45
CHILECITO_AERO,27/ENE/2022,09Hs,15.9,186,8,2.2,-29.22 -67.45
CHILECITO_AERO,27/ENE/2022,12Hs,15.6,165,9,1.6,-29.22 -67.45
CHILECITO_AERO,27/ENE/2022,15Hs,17.1,160,10,0.5,-29.22 -67.45
CHILECITO_AERO,27/ENE/2022,18Hs,16.5,172,10,0.4,-29.22 -67.45
CHILECITO_AERO,27/ENE/2022,21Hs,15.6,175,9,0.2,-29.22 -67.45
CHILECITO_AERO,28/ENE/2022,00Hs,15.3,174,6,0.1,-29.22 -67.45
CHILECITO_AERO,28/ENE/2022,03Hs,14.2,179,5,0.0,-29.22 -67.45
CHILECITO_AERO,28/ENE/2022,06Hs,13.7,150,5,0.0,-29.22 -67.45
CHILECITO_AERO,28/ENE/2022,09Hs,14.9,188,5,0.0,-29.22 -67.45
CHILECITO_AERO,28/ENE/2022,12Hs,18.5,233,8,0.0,-29.22 -67.45
CHILECITO_AERO,28/ENE/2022,15Hs,21.3,169,12,0.0,-29.22 -67.45
CHILECITO_AERO,28/ENE/2022,18Hs,22.8,161,9,0.0,-29.22 -67.45
CHILECITO_AERO,28/ENE/2022,21Hs,20.7,94,6,0.0,-29.22 -67.45
CHILECITO_AERO,29/ENE/2022,00Hs,19.3,180,2,0.0,-29.22 -67.45
CHILECITO_AERO,29/ENE/2022,03Hs,17.3,190,5,0.0,-29.22 -67.45
CHILECITO_AERO,29/ENE/2022,06Hs,16.0,178,4,0.0,-29.22 -67.45
CHILECITO_AERO,29/ENE/2022,09Hs,17.6,187,6,0.0,-29.22 -67.45
CHILECITO_AERO,29/ENE/2022,12Hs,22.1,212,10,0.0,-29.22 -67.45
CHILECITO_AERO,29/ENE/2022,15Hs,25.3,213,12,0.0,-29.22 -67.45
CHILECITO_AERO,29/ENE/2022,18Hs,25.4,154,10,0.4,-29.22 -67.45
CHILECITO_AERO,29/ENE/2022,21Hs,21.5,107,12,0.6,-29.22 -67.45
CHILECITO_AERO,30/ENE/2022,00Hs,19.4,106,4,3.1,-29.22 -67.45
CHILECITO_AERO,30/ENE/2022,03Hs,18.3,57,1,1.2,-29.22 -67.45
CHILECITO_AERO,30/ENE/2022,06Hs,17.3,132,5,0.7,-29.22 -67.45
CHILECITO_AERO,30/ENE/2022,09Hs,18.9,184,3,1.7,-29.22 -67.45
CHILECITO_AERO,30/ENE/2022,12Hs,22.7,211,10,0.6,-29.22 -67.45
CHILECITO_AERO,30/ENE/2022,15Hs,26.4,210,13,0.6,-29.22 -67.45
CHILECITO_AERO,30/ENE/2022,18Hs,27.0,172,9,0.4,-29.22 -67.45
CHILECITO_AERO,30/ENE/2022,21Hs,22.6,102,11,0.6,-29.22 -67.45
CHILECITO_AERO,31/ENE/2022,00Hs,21.4,52,2,0.7,-29.22 -67.45
CHILECITO_AERO,31/ENE/2022,03Hs,19.7,76,5,0.9,-29.22 -67.45
CHILECITO_AERO,31/ENE/2022,06Hs,19.7,220,2,1.1,-29.22 -67.45
CHILECITO_AERO,31/ENE/2022,09Hs,18.5,195,14,1.2,-29.22 -67.45
CHILECITO_AERO,31/ENE/2022,12Hs,20.3,188,16,1.2,-29.22 -67.45
CHILECITO_AERO,31/ENE/2022,15Hs,23.0,204,14,0.4,-29.22 -67.45
CHILECITO_AERO,31/ENE/2022,18Hs,22.7,244,5,0.2,-29.22 -67.45
CHILECITO_AERO,31/ENE/2022,21Hs,21.2,334,9,0.0,-29.22 -67.45
CIPOLLETTI,27/ENE/2022,00Hs,21.9,76,30,0.0,-38.93 -67.98
CIPOLLETTI,27/ENE/2022,03Hs,18.9,60,24,0.0,-38.93 -67.98
CIPOLLETTI,27/ENE/2022,06Hs,17.0,54,23,0.0,-38.93 -67.98
CIPOLLETTI,27/ENE/2022,09Hs,19.6,28,30,0.0,-38.93 -67.98
CIPOLLETTI,27/ENE/2022,12Hs,24.5,22,32,0.0,-38.93 -67.98
CIPOLLETTI,27/ENE/2022,15Hs,28.3,27,36,0.0,-38.93 -67.98
CIPOLLETTI,27/ENE/2022,18Hs,29.3,27,36,0.0,-38.93 -67.98
CIPOLLETTI,27/ENE/2022,21Hs,26.9,28,29,0.0,-38.93 -67.98
CIPOLLETTI,28/ENE/2022,00Hs,23.9,33,33,0.0,-38.93 -67.98
CIPOLLETTI,28/ENE/2022,03Hs,21.1,25,31,0.0,-38.93 -67.98
CIPOLLETTI,28/ENE/2022,06Hs,19.5,21,24,0.0,-38.93 -67.98
CIPOLLETTI,28/ENE/2022,09Hs,21.5,17,26,0.0,-38.93 -67.98
CIPOLLETTI,28/ENE/2022,12Hs,27.8,12,23,0.0,-38.93 -67.98
CIPOLLETTI,28/ENE/2022,15Hs,32.4,23,15,0.0,-38.93 -67.98
CIPOLLETTI,28/ENE/2022,18Hs,34.1,50,4,0.0,-38.93 -67.98
CIPOLLETTI,28/ENE/2022,21Hs,32.8,98,12,0.0,-38.93 -67.98
CIPOLLETTI,29/ENE/2022,00Hs,29.9,339,23,0.1,-38.93 -67.98
CIPOLLETTI,29/ENE/2022,03Hs,28.0,195,23,0.0,-38.93 -67.98
CIPOLLETTI,29/ENE/2022,06Hs,25.3,225,27,0.0,-38.93 -67.98
CIPOLLETTI,29/ENE/2022,09Hs,26.8,219,34,0.6,-38.93 -67.98
CIPOLLETTI,29/ENE/2022,12Hs,31.2,224,28,0.1,-38.93 -67.98
CIPOLLETTI,29/ENE/2022,15Hs,34.4,238,25,0.0,-38.93 -67.98
CIPOLLETTI,29/ENE/2022,18Hs,35.7,302,24,0.0,-38.93 -67.98
CIPOLLETTI,29/ENE/2022,21Hs,32.6,213,39,0.0,-38.93 -67.98
CIPOLLETTI,30/ENE/2022,00Hs,26.9,218,41,0.0,-38.93 -67.98
CIPOLLETTI,30/ENE/2022,03Hs,23.7,219,34,0.0,-38.93 -67.98
CIPOLLETTI,30/ENE/2022,06Hs,22.0,213,26,0.0,-38.93 -67.98
CIPOLLETTI,30/ENE/2022,09Hs,23.6,227,41,0.0,-38.93 -67.98
CIPOLLETTI,30/ENE/2022,12Hs,26.4,228,36,0.0,-38.93 -67.98
CIPOLLETTI,30/ENE/2022,15Hs,28.6,233,40,0.0,-38.93 -67.98
CIPOLLETTI,30/ENE/2022,18Hs,26.8,208,49,0.0,-38.93 -67.98
CIPOLLETTI,30/ENE/2022,21Hs,24.1,209,39,0.0,-38.93 -67.98
CIPOLLETTI,31/ENE/2022,00Hs,20.7,226,48,0.0,-38.93 -67.98
CIPOLLETTI,31/ENE/2022,03Hs,17.2,143,34,0.0,-38.93 -67.98
CIPOLLETTI,31/ENE/2022,06Hs,15.4,117,19,0.0,-38.93 -67.98
CIPOLLETTI,31/ENE/2022,09Hs,16.5,46,15,0.0,-38.93 -67.98
CIPOLLETTI,31/ENE/2022,12Hs,21.0,349,11,0.0,-38.93 -67.98
CIPOLLETTI,31/ENE/2022,15Hs,25.4,302,11,0.0,-38.93 -67.98
CIPOLLETTI,31/ENE/2022,18Hs,29.2,268,13,0.0,-38.93 -67.98
CIPOLLETTI,31/ENE/2022,21Hs,27.0,186,10,0.0,-38.93 -67.98
COMODORO_RIVADAVIA_AERO,27/ENE/2022,00Hs,14.9,29,27,0.0,-45.8 -67.47
COMODORO_RIVADAVIA_AERO,27/ENE/2022,03Hs,16.0,26,17,0.0,-45.8 -67.47
COMODORO_RIVADAVIA_AERO,27/ENE/2022,06Hs,16.4,19,14,0.0,-45.8 -67.47
COMODORO_RIVADAVIA_AERO,27/ENE/2022,09Hs,16.2,38,13,0.0,-45.8 -67.47
COMODORO_RIVADAVIA_AERO,27/ENE/2022,12Hs,16.2,61,22,0.0,-45.8 -67.47
COMODORO_RIVADAVIA_AERO,27/ENE/2022,15Hs,16.2,78,22,0.0,-45.8 -67.47
COMODORO_RIVADAVIA_AERO,27/ENE/2022,18Hs,16.2,181,15,0.0,-45.8 -67.47
COMODORO_RIVADAVIA_AERO,27/ENE/2022,21Hs,16.2,177,13,0.0,-45.8 -67.47
COMODORO_RIVADAVIA_AERO,28/ENE/2022,00Hs,16.1,166,19,0.0,-45.8 -67.47
COMODORO_RIVADAVIA_AERO,28/ENE/2022,03Hs,15.1,198,14,0.0,-45.8 -67.47
COMODORO_RIVADAVIA_AERO,28/ENE/2022,06Hs,14.6,201,17,0.0,-45.8 -67.47
COMODORO_RIVADAVIA_AERO,28/ENE/2022,09Hs,14.5,184,13,0.0,-45.8 -67.47
COMODORO_RIVADAVIA_AERO,28/ENE/2022,12Hs,14.2,143,12,0.0,-45.8 -67.47
COMODORO_RIVADAVIA_AERO,28/ENE/2022,15Hs,14.4,102,15,0.0,-45.8 -67.47
COMODORO_RIVADAVIA_AERO,28/ENE/2022,18Hs,15.2,67,19,0.0,-45.8 -67.47
COMODORO_RIVADAVIA_AERO,28/ENE/2022,21Hs,15.1,70,17,0.0,-45.8 -67.47
COMODORO_RIVADAVIA_AERO,29/ENE/2022,00Hs,14.9,45,18,0.0,-45.8 -67.47
COMODORO_RIVADAVIA_AERO,29/ENE/2022,03Hs,15.5,40,20,0.0,-45.8 -67.47
COMODORO_RIVADAVIA_AERO,29/ENE/2022,06Hs,16.4,12,9,0.0,-45.8 -67.47
COMODORO_RIVADAVIA_AERO,29/ENE/2022,09Hs,18.8,246,17,0.0,-45.8 -67.47
COMODORO_RIVADAVIA_AERO,29/ENE/2022,12Hs,20.9,270,13,0.0,-45.8 -67.47
COMODORO_RIVADAVIA_AERO,29/ENE/2022,15Hs,22.9,279,19,0.0,-45.8 -67.47
COMODORO_RIVADAVIA_AERO,29/ENE/2022,18Hs,23.5,288,42,0.0,-45.8 -67.47
COMODORO_RIVADAVIA_AERO,29/ENE/2022,21Hs,21.6,281,51,0.0,-45.8 -67.47
COMODORO_RIVADAVIA_AERO,30/ENE/2022,00Hs,19.2,286,46,0.0,-45.8 -67.47
COMODORO_RIVADAVIA_AERO,30/ENE/2022,03Hs,16.5,248,50,0.0,-45.8 -67.47
COMODORO_RIVADAVIA_AERO,30/ENE/2022,06Hs,11.8,164,23,0.8,-45.8 -67.47
COMODORO_RIVADAVIA_AERO,30/ENE/2022,09Hs,10.4,183,29,2.2,-45.8 -67.47
COMODORO_RIVADAVIA_AERO,30/ENE/2022,12Hs,13.1,197,18,0.0,-45.8 -67.47
COMODORO_RIVADAVIA_AERO,30/ENE/2022,15Hs,13.4,80,19,0.0,-45.8 -67.47
COMODORO_RIVADAVIA_AERO,30/ENE/2022,18Hs,13.3,35,11,0.2,-45.8 -67.47
COMODORO_RIVADAVIA_AERO,30/ENE/2022,21Hs,13.9,31,19,0.0,-45.8 -67.47
COMODORO_RIVADAVIA_AERO,31/ENE/2022,00Hs,15.7,330,12,0.0,-45.8 -67.47
COMODORO_RIVADAVIA_AERO,31/ENE/2022,03Hs,15.0,253,36,0.0,-45.8 -67.47
COMODORO_RIVADAVIA_AERO,31/ENE/2022,06Hs,13.8,259,26,0.0,-45.8 -67.47
COMODORO_RIVADAVIA_AERO,31/ENE/2022,09Hs,13.7,265,26,0.0,-45.8 -67.47
COMODORO_RIVADAVIA_AERO,31/ENE/2022,12Hs,16.8,261,32,0.0,-45.8 -67.47
COMODORO_RIVADAVIA_AERO,31/ENE/2022,15Hs,18.9,229,29,0.0,-45.8 -67.47
COMODORO_RIVADAVIA_AERO,31/ENE/2022,18Hs,20.5,234,30,0.0,-45.8 -67.47
COMODORO_RIVADAVIA_AERO,31/ENE/2022,21Hs,20.0,222,30,0.0,-45.8 -67.47
CONCORDIA_AERO,27/ENE/2022,00Hs,20.5,158,27,0.0,-31.3 -58.0
CONCORDIA_AERO,27/ENE/2022,03Hs,18.9,161,27,0.0,-31.3 -58.0
CONCORDIA_AERO,27/ENE/2022,06Hs,17.7,158,27,0.0,-31.3 -58.0
CONCORDIA_AERO,27/ENE/2022,09Hs,18.4,142,27,0.0,-31.3 -58.0
CONCORDIA_AERO,27/ENE/2022,12Hs,23.4,146,25,0.0,-31.3 -58.0
CONCORDIA_AERO,27/ENE/2022,15Hs,25.7,152,24,0.0,-31.3 -58.0
CONCORDIA_AERO,27/ENE/2022,18Hs,24.6,150,21,0.0,-31.3 -58.0
CONCORDIA_AERO,27/ENE/2022,21Hs,20.2,152,15,0.0,-31.3 -58.0
CONCORDIA_AERO,28/ENE/2022,00Hs,17.7,137,15,0.0,-31.3 -58.0
CONCORDIA_AERO,28/ENE/2022,03Hs,14.9,137,12,0.0,-31.3 -58.0
CONCORDIA_AERO,28/ENE/2022,06Hs,13.1,135,10,0.0,-31.3 -58.0
CONCORDIA_AERO,28/ENE/2022,09Hs,19.2,106,15,0.0,-31.3 -58.0
CONCORDIA_AERO,28/ENE/2022,12Hs,24.6,109,13,0.0,-31.3 -58.0
CONCORDIA_AERO,28/ENE/2022,15Hs,27.7,131,14,0.0,-31.3 -58.0
CONCORDIA_AERO,28/ENE/2022,18Hs,27.1,134,14,0.0,-31.3 -58.0
CONCORDIA_AERO,28/ENE/2022,21Hs,20.2,140,10,0.0,-31.3 -58.0
CONCORDIA_AERO,29/ENE/2022,00Hs,18.2,109,11,0.0,-31.3 -58.0
CONCORDIA_AERO,29/ENE/2022,03Hs,16.4,98,11,0.0,-31.3 -58.0
CONCORDIA_AERO,29/ENE/2022,06Hs,15.2,79,11,0.0,-31.3 -58.0
CONCORDIA_AERO,29/ENE/2022,09Hs,21.7,58,15,0.0,-31.3 -58.0
CONCORDIA_AERO,29/ENE/2022,12Hs,27.5,73,13,0.0,-31.3 -58.0
CONCORDIA_AERO,29/ENE/2022,15Hs,30.5,94,13,0.0,-31.3 -58.0
CONCORDIA_AERO,29/ENE/2022,18Hs,30.2,109,13,0.0,-31.3 -58.0
CONCORDIA_AERO,29/ENE/2022,21Hs,22.5,124,10,0.0,-31.3 -58.0
CONCORDIA_AERO,30/ENE/2022,00Hs,20.1,99,11,0.0,-31.3 -58.0
CONCORDIA_AERO,30/ENE/2022,03Hs,17.7,90,13,0.0,-31.3 -58.0
CONCORDIA_AERO,30/ENE/2022,06Hs,16.8,63,12,0.0,-31.3 -58.0
CONCORDIA_AERO,30/ENE/2022,09Hs,23.3,44,18,0.0,-31.3 -58.0
CONCORDIA_AERO,30/ENE/2022,12Hs,30.4,39,15,0.0,-31.3 -58.0
CONCORDIA_AERO,30/ENE/2022,15Hs,33.3,69,9,0.0,-31.3 -58.0
CONCORDIA_AERO,30/ENE/2022,18Hs,33.2,94,12,0.0,-31.3 -58.0
CONCORDIA_AERO,30/ENE/2022,21Hs,24.3,107,11,0.0,-31.3 -58.0
CONCORDIA_AERO,31/ENE/2022,00Hs,21.8,115,11,0.0,-31.3 -58.0
CONCORDIA_AERO,31/ENE/2022,03Hs,20.5,87,9,0.0,-31.3 -58.0
CONCORDIA_AERO,31/ENE/2022,06Hs,19.4,56,10,0.0,-31.3 -58.0
CONCORDIA_AERO,31/ENE/2022,09Hs,27.1,46,5,0.0,-31.3 -58.0
CONCORDIA_AERO,31/ENE/2022,12Hs,33.5,191,14,0.0,-31.3 -58.0
CONCORDIA_AERO,31/ENE/2022,15Hs,35.9,169,14,0.0,-31.3 -58.0
CONCORDIA_AERO,31/ENE/2022,18Hs,35.0,141,15,0.0,-31.3 -58.0
CONCORDIA_AERO,31/ENE/2022,21Hs,26.7,150,21,0.0,-31.3 -58.0
CORDOBA_AERO,27/ENE/2022,00Hs,19.4,171,10,0.2,-31.3 -64.22
CORDOBA_AERO,27/ENE/2022,03Hs,17.8,157,16,0.2,-31.3 -64.22
CORDOBA_AERO,27/ENE/2022,06Hs,16.7,142,17,0.0,-31.3 -64.22
CORDOBA_AERO,27/ENE/2022,09Hs,15.1,154,15,0.0,-31.3 -64.22
CORDOBA_AERO,27/ENE/2022,12Hs,18.6,167,11,0.0,-31.3 -64.22
CORDOBA_AERO,27/ENE/2022,15Hs,21.4,124,12,0.0,-31.3 -64.22
CORDOBA_AERO,27/ENE/2022,18Hs,21.4,91,8,0.0,-31.3 -64.22
CORDOBA_AERO,27/ENE/2022,21Hs,16.6,11,8,0.0,-31.3 -64.22
CORDOBA_AERO,28/ENE/2022,00Hs,14.7,296,6,0.0,-31.3 -64.22
CORDOBA_AERO,28/ENE/2022,03Hs,16.1,325,6,0.0,-31.3 -64.22
CORDOBA_AERO,28/ENE/2022,06Hs,15.7,356,6,0.0,-31.3 -64.22
CORDOBA_AERO,28/ENE/2022,09Hs,18.1,16,9,0.0,-31.3 -64.22
CORDOBA_AERO,28/ENE/2022,12Hs,22.1,31,14,0.0,-31.3 -64.22
CORDOBA_AERO,28/ENE/2022,15Hs,24.5,42,16,0.0,-31.3 -64.22
CORDOBA_AERO,28/ENE/2022,18Hs,23.8,49,15,0.0,-31.3 -64.22
CORDOBA_AERO,28/ENE/2022,21Hs,18.3,31,8,0.0,-31.3 -64.22
CORDOBA_AERO,29/ENE/2022,00Hs,16.6,337,8,0.0,-31.3 -64.22
CORDOBA_AERO,29/ENE/2022,03Hs,15.4,354,5,0.0,-31.3 -64.22
CORDOBA_AERO,29/ENE/2022,06Hs,14.6,342,7,0.0,-31.3 -64.22
CORDOBA_AERO,29/ENE/2022,09Hs,19.4,3,13,0.0,-31.3 -64.22
CORDOBA_AERO,29/ENE/2022,12Hs,24.4,29,17,0.0,-31.3 -64.22
CORDOBA_AERO,29/ENE/2022,15Hs,27.4,34,16,0.0,-31.3 -64.22
CORDOBA_AERO,29/ENE/2022,18Hs,26.4,45,17,0.0,-31.3 -64.22
CORDOBA_AERO,29/ENE/2022,21Hs,19.9,27,11,0.0,-31.3 -64.22
CORDOBA_AERO,30/ENE/2022,00Hs,17.9,337,7,0.0,-31.3 -64.22
CORDOBA_AERO,30/ENE/2022,03Hs,17.1,321,7,0.0,-31.3 -64.22
CORDOBA_AERO,30/ENE/2022,06Hs,16.8,324,9,0.0,-31.3 -64.22
CORDOBA_AERO,30/ENE/2022,09Hs,21.4,17,11,0.0,-31.3 -64.22
CORDOBA_AERO,30/ENE/2022,12Hs,27.3,27,16,0.0,-31.3 -64.22
CORDOBA_AERO,30/ENE/2022,15Hs,30.0,44,16,0.0,-31.3 -64.22
CORDOBA_AERO,30/ENE/2022,18Hs,28.9,55,17,0.0,-31.3 -64.22
CORDOBA_AERO,30/ENE/2022,21Hs,21.7,37,7,0.1,-31.3 -64.22
CORDOBA_AERO,31/ENE/2022,00Hs,18.5,234,9,0.4,-31.3 -64.22
CORDOBA_AERO,31/ENE/2022,03Hs,17.8,274,7,0.9,-31.3 -64.22
CORDOBA_AERO,31/ENE/2022,06Hs,16.6,247,11,1.1,-31.3 -64.22
CORDOBA_AERO,31/ENE/2022,09Hs,20.4,199,15,1.4,-31.3 -64.22
CORDOBA_AERO,31/ENE/2022,12Hs,24.6,185,15,0.0,-31.3 -64.22
CORDOBA_AERO,31/ENE/2022,15Hs,26.6,178,14,0.4,-31.3 -64.22
CORDOBA_AERO,31/ENE/2022,18Hs,25.5,282,9,1.1,-31.3 -64.22
CORDOBA_AERO,31/ENE/2022,21Hs,20.7,275,10,0.0,-31.3 -64.22
CORDOBA_OBSERVATORIO,27/ENE/2022,00Hs,19.4,171,10,0.2,-31.3 -64.22
CORDOBA_OBSERVATORIO,27/ENE/2022,03Hs,17.8,157,16,0.2,-31.3 -64.22
CORDOBA_OBSERVATORIO,27/ENE/2022,06Hs,16.7,142,17,0.0,-31.3 -64.22
CORDOBA_OBSERVATORIO,27/ENE/2022,09Hs,15.1,154,15,0.0,-31.3 -64.22
CORDOBA_OBSERVATORIO,27/ENE/2022,12Hs,18.6,167,11,0.0,-31.3 -64.22
CORDOBA_OBSERVATORIO,27/ENE/2022,15Hs,21.4,124,12,0.0,-31.3 -64.22
CORDOBA_OBSERVATORIO,27/ENE/2022,18Hs,21.4,91,8,0.0,-31.3 -64.22
CORDOBA_OBSERVATORIO,27/ENE/2022,21Hs,16.6,11,8,0.0,-31.3 -64.22
CORDOBA_OBSERVATORIO,28/ENE/2022,00Hs,14.7,296,6,0.0,-31.3 -64.22
CORDOBA_OBSERVATORIO,28/ENE/2022,03Hs,16.1,325,6,0.0,-31.3 -64.22
CORDOBA_OBSERVATORIO,28/ENE/2022,06Hs,15.7,356,6,0.0,-31.3 -64.22
CORDOBA_OBSERVATORIO,28/ENE/2022,09Hs,18.1,16,9,0.0,-31.3 -64.22
CORDOBA_OBSERVATORIO,28/ENE/2022,12Hs,22.1,31,14,0.0,-31.3 -64.22
CORDOBA_OBSERVATORIO,28/ENE/2022,15Hs,24.5,42,16,0.0,-31.3 -64.22
CORDOBA_OBSERVATORIO,28/ENE/2022,18Hs,23.8,49,15,0.0,-31.3 -64.22
CORDOBA_OBSERVATORIO,28/ENE/2022,21Hs,18.3,31,8,0.0,-31.3 -64.22
CORDOBA_OBSERVATORIO,29/ENE/2022,00Hs,16.6,337,8,0.0,-31.3 -64.22
CORDOBA_OBSERVATORIO,29/ENE/2022,03Hs,15.4,354,5,0.0,-31.3 -64.22
CORDOBA_OBSERVATORIO,29/ENE/2022,06Hs,14.6,342,7,0.0,-31.3 -64.22
CORDOBA_OBSERVATORIO,29/ENE/2022,09Hs,19.4,3,13,0.0,-31.3 -64.22
CORDOBA_OBSERVATORIO,29/ENE/2022,12Hs,24.4,29,17,0.0,-31.3 -64.22
CORDOBA_OBSERVATORIO,29/ENE/2022,15Hs,27.4,34,16,0.0,-31.3 -64.22
CORDOBA_OBSERVATORIO,29/ENE/2022,18Hs,26.4,45,17,0.0,-31.3 -64.22
CORDOBA_OBSERVATORIO,29/ENE/2022,21Hs,19.9,27,11,0.0,-31.3 -64.22
CORDOBA_OBSERVATORIO,30/ENE/2022,00Hs,17.9,337,7,0.0,-31.3 -64.22
CORDOBA_OBSERVATORIO,30/ENE/2022,03Hs,17.1,321,7,0.0,-31.3 -64.22
CORDOBA_OBSERVATORIO,30/ENE/2022,06Hs,16.8,324,9,0.0,-31.3 -64.22
CORDOBA_OBSERVATORIO,30/ENE/2022,09Hs,21.4,17,11,0.0,-31.3 -64.22
CORDOBA_OBSERVATORIO,30/ENE/2022,12Hs,27.3,27,16,0.0,-31.3 -64.22
CORDOBA_OBSERVATORIO,30/ENE/2022,15Hs,30.0,44,16,0.0,-31.3 -64.22
CORDOBA_OBSERVATORIO,30/ENE/2022,18Hs,28.9,55,17,0.0,-31.3 -64.22
CORDOBA_OBSERVATORIO,30/ENE/2022,21Hs,21.7,37,7,0.1,-31.3 -64.22
CORDOBA_OBSERVATORIO,31/ENE/2022,00Hs,18.5,234,9,0.4,-31.3 -64.22
CORDOBA_OBSERVATORIO,31/ENE/2022,03Hs,17.8,274,7,0.9,-31.3 -64.22
CORDOBA_OBSERVATORIO,31/ENE/2022,06Hs,16.6,247,11,1.1,-31.3 -64.22
CORDOBA_OBSERVATORIO,31/ENE/2022,09Hs,20.4,199,15,1.4,-31.3 -64.22
CORDOBA_OBSERVATORIO,31/ENE/2022,12Hs,24.6,185,15,0.0,-31.3 -64.22
CORDOBA_OBSERVATORIO,31/ENE/2022,15Hs,26.6,178,14,0.4,-31.3 -64.22
CORDOBA_OBSERVATORIO,31/ENE/2022,18Hs,25.5,282,9,1.1,-31.3 -64.22
CORDOBA_OBSERVATORIO,31/ENE/2022,21Hs,20.7,275,10,0.0,-31.3 -64.22
CORONEL_PRINGLES_AERO,27/ENE/2022,00Hs,11.4,162,10,0.0,-38.0 -61.33
CORONEL_PRINGLES_AERO,27/ENE/2022,03Hs,10.7,195,7,0.0,-38.0 -61.33
CORONEL_PRINGLES_AERO,27/ENE/2022,06Hs,10.3,185,9,0.0,-38.0 -61.33
CORONEL_PRINGLES_AERO,27/ENE/2022,09Hs,15.7,165,14,0.0,-38.0 -61.33
CORONEL_PRINGLES_AERO,27/ENE/2022,12Hs,21.2,158,15,0.0,-38.0 -61.33
CORONEL_PRINGLES_AERO,27/ENE/2022,15Hs,24.5,147,14,0.0,-38.0 -61.33
CORONEL_PRINGLES_AERO,27/ENE/2022,18Hs,24.2,124,11,0.0,-38.0 -61.33
CORONEL_PRINGLES_AERO,27/ENE/2022,21Hs,17.2,95,11,0.0,-38.0 -61.33
CORONEL_PRINGLES_AERO,28/ENE/2022,00Hs,13.7,60,8,0.0,-38.0 -61.33
CORONEL_PRINGLES_AERO,28/ENE/2022,03Hs,12.4,320,13,0.0,-38.0 -61.33
CORONEL_PRINGLES_AERO,28/ENE/2022,06Hs,11.3,324,13,0.0,-38.0 -61.33
CORONEL_PRINGLES_AERO,28/ENE/2022,09Hs,17.8,335,20,0.0,-38.0 -61.33
CORONEL_PRINGLES_AERO,28/ENE/2022,12Hs,23.8,343,22,0.0,-38.0 -61.33
CORONEL_PRINGLES_AERO,28/ENE/2022,15Hs,26.6,346,22,0.0,-38.0 -61.33
CORONEL_PRINGLES_AERO,28/ENE/2022,18Hs,25.7,344,19,0.0,-38.0 -61.33
CORONEL_PRINGLES_AERO,28/ENE/2022,21Hs,18.4,356,16,0.0,-38.0 -61.33
CORONEL_PRINGLES_AERO,29/ENE/2022,00Hs,16.3,351,18,0.0,-38.0 -61.33
CORONEL_PRINGLES_AERO,29/ENE/2022,03Hs,14.8,341,16,0.0,-38.0 -61.33
CORONEL_PRINGLES_AERO,29/ENE/2022,06Hs,14.1,332,18,0.0,-38.0 -61.33
CORONEL_PRINGLES_AERO,29/ENE/2022,09Hs,19.4,334,25,0.0,-38.0 -61.33
CORONEL_PRINGLES_AERO,29/ENE/2022,12Hs,26.5,337,26,0.0,-38.0 -61.33
CORONEL_PRINGLES_AERO,29/ENE/2022,15Hs,30.1,343,25,0.0,-38.0 -61.33
CORONEL_PRINGLES_AERO,29/ENE/2022,18Hs,28.7,345,24,0.0,-38.0 -61.33
CORONEL_PRINGLES_AERO,29/ENE/2022,21Hs,22.8,344,26,0.0,-38.0 -61.33
CORONEL_PRINGLES_AERO,30/ENE/2022,00Hs,20.5,349,23,0.0,-38.0 -61.33
CORONEL_PRINGLES_AERO,30/ENE/2022,03Hs,18.8,329,20,0.0,-38.0 -61.33
CORONEL_PRINGLES_AERO,30/ENE/2022,06Hs,17.4,331,21,0.0,-38.0 -61.33
CORONEL_PRINGLES_AERO,30/ENE/2022,09Hs,22.5,329,27,0.0,-38.0 -61.33
CORONEL_PRINGLES_AERO,30/ENE/2022,12Hs,29.7,314,27,0.0,-38.0 -61.33
CORONEL_PRINGLES_AERO,30/ENE/2022,15Hs,33.5,254,24,0.0,-38.0 -61.33
CORONEL_PRINGLES_AERO,30/ENE/2022,18Hs,29.5,262,30,0.0,-38.0 -61.33
CORONEL_PRINGLES_AERO,30/ENE/2022,21Hs,17.2,155,28,0.0,-38.0 -61.33
CORONEL_PRINGLES_AERO,31/ENE/2022,00Hs,15.1,162,23,0.0,-38.0 -61.33
CORONEL_PRINGLES_AERO,31/ENE/2022,03Hs,14.2,166,18,0.0,-38.0 -61.33
CORONEL_PRINGLES_AERO,31/ENE/2022,06Hs,11.9,177,12,0.0,-38.0 -61.33
CORONEL_PRINGLES_AERO,31/ENE/2022,09Hs,17.1,172,21,0.0,-38.0 -61.33
CORONEL_PRINGLES_AERO,31/ENE/2022,12Hs,21.5,204,13,0.0,-38.0 -61.33
CORONEL_PRINGLES_AERO,31/ENE/2022,15Hs,24.4,235,12,0.0,-38.0 -61.33
CORONEL_PRINGLES_AERO,31/ENE/2022,18Hs,25.4,233,15,0.0,-38.0 -61.33
CORONEL_PRINGLES_AERO,31/ENE/2022,21Hs,17.8,145,13,0.0,-38.0 -61.33
CORONEL_SUAREZ_AERO,27/ENE/2022,00Hs,12.3,133,15,0.0,-38.0 -61.33
CORONEL_SUAREZ_AERO,27/ENE/2022,03Hs,10.0,154,10,0.0,-38.0 -61.33
CORONEL_SUAREZ_AERO,27/ENE/2022,06Hs,9.4,157,9,0.0,-38.0 -61.33
CORONEL_SUAREZ_AERO,27/ENE/2022,09Hs,15.5,140,14,0.0,-38.0 -61.33
CORONEL_SUAREZ_AERO,27/ENE/2022,12Hs,21.5,136,15,0.0,-38.0 -61.33
CORONEL_SUAREZ_AERO,27/ENE/2022,15Hs,24.3,116,12,0.0,-38.0 -61.33
CORONEL_SUAREZ_AERO,27/ENE/2022,18Hs,24.4,68,11,0.0,-38.0 -61.33
CORONEL_SUAREZ_AERO,27/ENE/2022,21Hs,16.7,18,13,0.0,-38.0 -61.33
CORONEL_SUAREZ_AERO,28/ENE/2022,00Hs,13.5,337,11,0.0,-38.0 -61.33
CORONEL_SUAREZ_AERO,28/ENE/2022,03Hs,12.0,326,8,0.0,-38.0 -61.33
CORONEL_SUAREZ_AERO,28/ENE/2022,06Hs,11.0,340,8,0.0,-38.0 -61.33
CORONEL_SUAREZ_AERO,28/ENE/2022,09Hs,17.2,355,16,0.0,-38.0 -61.33
CORONEL_SUAREZ_AERO,28/ENE/2022,12Hs,22.5,359,20,0.0,-38.0 -61.33
CORONEL_SUAREZ_AERO,28/ENE/2022,15Hs,25.4,358,21,0.0,-38.0 -61.33
CORONEL_SUAREZ_AERO,28/ENE/2022,18Hs,24.7,1,19,0.0,-38.0 -61.33
CORONEL_SUAREZ_AERO,28/ENE/2022,21Hs,17.7,13,13,0.0,-38.0 -61.33
CORONEL_SUAREZ_AERO,29/ENE/2022,00Hs,15.3,15,13,0.0,-38.0 -61.33
CORONEL_SUAREZ_AERO,29/ENE/2022,03Hs,14.0,358,12,0.0,-38.0 -61.33
CORONEL_SUAREZ_AERO,29/ENE/2022,06Hs,13.0,348,11,0.0,-38.0 -61.33
CORONEL_SUAREZ_AERO,29/ENE/2022,09Hs,19.1,350,20,0.0,-38.0 -61.33
CORONEL_SUAREZ_AERO,29/ENE/2022,12Hs,26.1,342,23,0.0,-38.0 -61.33
CORONEL_SUAREZ_AERO,29/ENE/2022,15Hs,28.7,348,24,0.0,-38.0 -61.33
CORONEL_SUAREZ_AERO,29/ENE/2022,18Hs,27.8,357,22,0.0,-38.0 -61.33
CORONEL_SUAREZ_AERO,29/ENE/2022,21Hs,20.8,354,12,0.0,-38.0 -61.33
CORONEL_SUAREZ_AERO,30/ENE/2022,00Hs,18.9,358,12,0.0,-38.0 -61.33
CORONEL_SUAREZ_AERO,30/ENE/2022,03Hs,17.8,337,15,0.0,-38.0 -61.33
CORONEL_SUAREZ_AERO,30/ENE/2022,06Hs,16.1,349,14,0.0,-38.0 -61.33
CORONEL_SUAREZ_AERO,30/ENE/2022,09Hs,22.3,333,20,0.0,-38.0 -61.33
CORONEL_SUAREZ_AERO,30/ENE/2022,12Hs,29.2,317,23,0.0,-38.0 -61.33
CORONEL_SUAREZ_AERO,30/ENE/2022,15Hs,33.2,251,18,0.0,-38.0 -61.33
CORONEL_SUAREZ_AERO,30/ENE/2022,18Hs,30.6,252,24,0.0,-38.0 -61.33
CORONEL_SUAREZ_AERO,30/ENE/2022,21Hs,21.6,191,12,0.0,-38.0 -61.33
CORONEL_SUAREZ_AERO,31/ENE/2022,00Hs,15.1,142,23,0.0,-38.0 -61.33
CORONEL_SUAREZ_AERO,31/ENE/2022,03Hs,14.5,150,22,0.0,-38.0 -61.33
CORONEL_SUAREZ_AERO,31/ENE/2022,06Hs,12.2,158,14,0.0,-38.0 -61.33
CORONEL_SUAREZ_AERO,31/ENE/2022,09Hs,17.2,155,20,0.0,-38.0 -61.33
CORONEL_SUAREZ_AERO,31/ENE/2022,12Hs,22.5,180,13,0.0,-38.0 -61.33
CORONEL_SUAREZ_AERO,31/ENE/2022,15Hs,26.0,238,11,0.0,-38.0 -61.33
CORONEL_SUAREZ_AERO,31/ENE/2022,18Hs,26.4,247,15,0.0,-38.0 -61.33
CORONEL_SUAREZ_AERO,31/ENE/2022,21Hs,17.4,36,6,0.0,-38.0 -61.33
CORRIENTES_AERO,27/ENE/2022,00Hs,24.3,150,6,0.0,-27.45 -58.77
CORRIENTES_AERO,27/ENE/2022,03Hs,23.7,179,9,0.0,-27.45 -58.77
CORRIENTES_AERO,27/ENE/2022,06Hs,23.2,168,17,0.6,-27.45 -58.77
CORRIENTES_AERO,27/ENE/2022,09Hs,24.3,157,20,0.1,-27.45 -58.77
CORRIENTES_AERO,27/ENE/2022,12Hs,27.3,152,21,0.0,-27.45 -58.77
CORRIENTES_AERO,27/ENE/2022,15Hs,26.7,149,21,0.1,-27.45 -58.77
CORRIENTES_AERO,27/ENE/2022,18Hs,27.9,154,16,0.0,-27.45 -58.77
CORRIENTES_AERO,27/ENE/2022,21Hs,26.3,71,6,0.0,-27.45 -58.77
CORRIENTES_AERO,28/ENE/2022,00Hs,23.7,167,11,0.0,-27.45 -58.77
CORRIENTES_AERO,28/ENE/2022,03Hs,20.9,169,13,0.0,-27.45 -58.77
CORRIENTES_AERO,28/ENE/2022,06Hs,19.1,160,12,0.0,-27.45 -58.77
CORRIENTES_AERO,28/ENE/2022,09Hs,23.5,127,15,0.0,-27.45 -58.77
CORRIENTES_AERO,28/ENE/2022,12Hs,30.5,146,15,0.0,-27.45 -58.77
CORRIENTES_AERO,28/ENE/2022,15Hs,34.0,162,15,0.0,-27.45 -58.77
CORRIENTES_AERO,28/ENE/2022,18Hs,33.4,165,18,0.0,-27.45 -58.77
CORRIENTES_AERO,28/ENE/2022,21Hs,25.9,172,12,0.0,-27.45 -58.77
CORRIENTES_AERO,29/ENE/2022,00Hs,22.0,150,9,0.0,-27.45 -58.77
CORRIENTES_AERO,29/ENE/2022,03Hs,19.9,167,10,0.0,-27.45 -58.77
CORRIENTES_AERO,29/ENE/2022,06Hs,18.3,128,11,0.0,-27.45 -58.77
CORRIENTES_AERO,29/ENE/2022,09Hs,25.2,102,13,0.0,-27.45 -58.77
CORRIENTES_AERO,29/ENE/2022,12Hs,32.1,98,13,0.0,-27.45 -58.77
CORRIENTES_AERO,29/ENE/2022,15Hs,35.8,86,12,0.0,-27.45 -58.77
CORRIENTES_AERO,29/ENE/2022,18Hs,35.9,112,12,0.0,-27.45 -58.77
CORRIENTES_AERO,29/ENE/2022,21Hs,27.1,128,10,0.0,-27.45 -58.77
CORRIENTES_AERO,30/ENE/2022,00Hs,24.3,115,14,0.0,-27.45 -58.77
CORRIENTES_AERO,30/ENE/2022,03Hs,22.3,111,13,0.0,-27.45 -58.77
CORRIENTES_AERO,30/ENE/2022,06Hs,19.2,82,10,0.0,-27.45 -58.77
CORRIENTES_AERO,30/ENE/2022,09Hs,27.5,16,12,0.0,-27.45 -58.77
CORRIENTES_AERO,30/ENE/2022,12Hs,36.4,38,9,0.0,-27.45 -58.77
CORRIENTES_AERO,30/ENE/2022,15Hs,39.4,116,5,0.0,-27.45 -58.77
CORRIENTES_AERO,30/ENE/2022,18Hs,37.9,104,4,0.0,-27.45 -58.77
CORRIENTES_AERO,30/ENE/2022,21Hs,30.4,119,6,0.0,-27.45 -58.77
CORRIENTES_AERO,31/ENE/2022,00Hs,27.1,123,10,0.0,-27.45 -58.77
CORRIENTES_AERO,31/ENE/2022,03Hs,24.8,36,10,0.0,-27.45 -58.77
CORRIENTES_AERO,31/ENE/2022,06Hs,22.9,37,8,0.0,-27.45 -58.77
CORRIENTES_AERO,31/ENE/2022,09Hs,30.0,357,19,0.0,-27.45 -58.77
CORRIENTES_AERO,31/ENE/2022,12Hs,37.9,331,12,0.0,-27.45 -58.77
CORRIENTES_AERO,31/ENE/2022,15Hs,38.5,173,9,0.0,-27.45 -58.77
CORRIENTES_AERO,31/ENE/2022,18Hs,27.7,283,16,0.4,-27.45 -58.77
CORRIENTES_AERO,31/ENE/2022,21Hs,23.3,303,12,0.0,-27.45 -58.77
DOLORES_AERO,27/ENE/2022,00Hs,13.2,169,20,0.0,-36.32 -57.72
DOLORES_AERO,27/ENE/2022,03Hs,11.2,198,13,0.0,-36.32 -57.72
DOLORES_AERO,27/ENE/2022,06Hs,9.7,210,12,0.0,-36.32 -57.72
DOLORES_AERO,27/ENE/2022,09Hs,15.8,173,21,0.0,-36.32 -57.72
DOLORES_AERO,27/ENE/2022,12Hs,19.6,156,20,0.0,-36.32 -57.72
DOLORES_AERO,27/ENE/2022,15Hs,21.0,147,17,0.0,-36.32 -57.72
DOLORES_AERO,27/ENE/2022,18Hs,19.0,123,16,0.0,-36.32 -57.72
DOLORES_AERO,27/ENE/2022,21Hs,12.6,106,12,0.0,-36.32 -57.72
DOLORES_AERO,28/ENE/2022,00Hs,11.1,98,10,0.0,-36.32 -57.72
DOLORES_AERO,28/ENE/2022,03Hs,10.5,105,6,0.0,-36.32 -57.72
DOLORES_AERO,28/ENE/2022,06Hs,10.1,109,5,0.0,-36.32 -57.72
DOLORES_AERO,28/ENE/2022,09Hs,16.8,25,3,0.0,-36.32 -57.72
DOLORES_AERO,28/ENE/2022,12Hs,21.8,281,2,0.0,-36.32 -57.72
DOLORES_AERO,28/ENE/2022,15Hs,23.8,24,7,0.0,-36.32 -57.72
DOLORES_AERO,28/ENE/2022,18Hs,20.3,34,17,0.0,-36.32 -57.72
DOLORES_AERO,28/ENE/2022,21Hs,14.9,40,12,0.0,-36.32 -57.72
DOLORES_AERO,29/ENE/2022,00Hs,14.4,35,10,0.0,-36.32 -57.72
DOLORES_AERO,29/ENE/2022,03Hs,14.0,14,8,0.0,-36.32 -57.72
DOLORES_AERO,29/ENE/2022,06Hs,13.6,311,10,0.0,-36.32 -57.72
DOLORES_AERO,29/ENE/2022,09Hs,20.6,347,13,0.0,-36.32 -57.72
DOLORES_AERO,29/ENE/2022,12Hs,25.1,333,13,0.0,-36.32 -57.72
DOLORES_AERO,29/ENE/2022,15Hs,27.0,360,15,0.0,-36.32 -57.72
DOLORES_AERO,29/ENE/2022,18Hs,23.6,26,19,0.0,-36.32 -57.72
DOLORES_AERO,29/ENE/2022,21Hs,18.1,39,14,0.0,-36.32 -57.72
DOLORES_AERO,30/ENE/2022,00Hs,17.7,28,13,0.0,-36.32 -57.72
DOLORES_AERO,30/ENE/2022,03Hs,18.0,37,12,0.0,-36.32 -57.72
DOLORES_AERO,30/ENE/2022,06Hs,19.2,3,18,0.0,-36.32 -57.72
DOLORES_AERO,30/ENE/2022,09Hs,22.8,353,22,0.0,-36.32 -57.72
DOLORES_AERO,30/ENE/2022,12Hs,27.4,348,18,0.0,-36.32 -57.72
DOLORES_AERO,30/ENE/2022,15Hs,28.5,9,21,0.0,-36.32 -57.72
DOLORES_AERO,30/ENE/2022,18Hs,25.5,27,19,0.0,-36.32 -57.72
DOLORES_AERO,30/ENE/2022,21Hs,20.9,27,18,0.0,-36.32 -57.72
DOLORES_AERO,31/ENE/2022,00Hs,19.7,20,12,0.0,-36.32 -57.72
DOLORES_AERO,31/ENE/2022,03Hs,18.8,223,15,0.2,-36.32 -57.72
DOLORES_AERO,31/ENE/2022,06Hs,15.8,195,13,0.2,-36.32 -57.72
DOLORES_AERO,31/ENE/2022,09Hs,18.9,172,26,0.5,-36.32 -57.72
DOLORES_AERO,31/ENE/2022,12Hs,23.4,176,24,0.0,-36.32 -57.72
DOLORES_AERO,31/ENE/2022,15Hs,24.1,176,17,0.0,-36.32 -57.72
DOLORES_AERO,31/ENE/2022,18Hs,20.2,121,22,0.0,-36.32 -57.72
DOLORES_AERO,31/ENE/2022,21Hs,14.4,107,11,0.0,-36.32 -57.72
EL_BOLSON_AERO,27/ENE/2022,00Hs,17.7,289,7,0.0,-77.87 -34.63
EL_BOLSON_AERO,27/ENE/2022,03Hs,15.1,324,7,0.0,-77.87 -34.63
EL_BOLSON_AERO,27/ENE/2022,06Hs,12.9,293,6,0.0,-77.87 -34.63
EL_BOLSON_AERO,27/ENE/2022,09Hs,16.8,293,3,0.0,-77.87 -34.63
EL_BOLSON_AERO,27/ENE/2022,12Hs,23.0,294,3,0.0,-77.87 -34.63
EL_BOLSON_AERO,27/ENE/2022,15Hs,27.3,262,3,0.0,-77.87 -34.63
EL_BOLSON_AERO,27/ENE/2022,18Hs,28.7,297,13,0.0,-77.87 -34.63
EL_BOLSON_AERO,27/ENE/2022,21Hs,24.2,240,8,0.0,-77.87 -34.63
EL_BOLSON_AERO,28/ENE/2022,00Hs,18.8,261,9,0.0,-77.87 -34.63
EL_BOLSON_AERO,28/ENE/2022,03Hs,15.8,279,8,0.0,-77.87 -34.63
EL_BOLSON_AERO,28/ENE/2022,06Hs,13.5,299,8,0.0,-77.87 -34.63
EL_BOLSON_AERO,28/ENE/2022,09Hs,16.5,299,8,0.0,-77.87 -34.63
EL_BOLSON_AERO,28/ENE/2022,12Hs,23.7,301,8,0.0,-77.87 -34.63
EL_BOLSON_AERO,28/ENE/2022,15Hs,27.8,299,17,0.0,-77.87 -34.63
EL_BOLSON_AERO,28/ENE/2022,18Hs,27.8,264,17,0.0,-77.87 -34.63
EL_BOLSON_AERO,28/ENE/2022,21Hs,21.1,251,14,0.0,-77.87 -34.63
EL_BOLSON_AERO,29/ENE/2022,00Hs,14.8,263,11,0.0,-77.87 -34.63
EL_BOLSON_AERO,29/ENE/2022,03Hs,11.5,279,9,0.0,-77.87 -34.63
EL_BOLSON_AERO,29/ENE/2022,06Hs,9.1,287,9,0.0,-77.87 -34.63
EL_BOLSON_AERO,29/ENE/2022,09Hs,12.2,301,9,0.0,-77.87 -34.63
EL_BOLSON_AERO,29/ENE/2022,12Hs,19.8,301,12,0.0,-77.87 -34.63
EL_BOLSON_AERO,29/ENE/2022,15Hs,23.7,302,21,0.0,-77.87 -34.63
EL_BOLSON_AERO,29/ENE/2022,18Hs,22.4,267,21,0.0,-77.87 -34.63
EL_BOLSON_AERO,29/ENE/2022,21Hs,15.6,251,13,0.0,-77.87 -34.63
EL_BOLSON_AERO,30/ENE/2022,00Hs,11.6,296,11,0.0,-77.87 -34.63
EL_BOLSON_AERO,30/ENE/2022,03Hs,10.7,301,12,0.0,-77.87 -34.63
EL_BOLSON_AERO,30/ENE/2022,06Hs,10.4,286,9,0.3,-77.87 -34.63
EL_BOLSON_AERO,30/ENE/2022,09Hs,9.9,237,10,0.3,-77.87 -34.63
EL_BOLSON_AERO,30/ENE/2022,12Hs,13.9,283,18,0.1,-77.87 -34.63
EL_BOLSON_AERO,30/ENE/2022,15Hs,16.4,268,21,0.0,-77.87 -34.63
EL_BOLSON_AERO,30/ENE/2022,18Hs,14.7,261,22,0.0,-77.87 -34.63
EL_BOLSON_AERO,30/ENE/2022,21Hs,10.8,253,14,0.0,-77.87 -34.63
EL_BOLSON_AERO,31/ENE/2022,00Hs,6.0,267,11,0.0,-77.87 -34.63
EL_BOLSON_AERO,31/ENE/2022,03Hs,3.6,273,10,0.0,-77.87 -34.63
EL_BOLSON_AERO,31/ENE/2022,06Hs,2.2,284,11,0.0,-77.87 -34.63
EL_BOLSON_AERO,31/ENE/2022,09Hs,5.3,296,11,0.0,-77.87 -34.63
EL_BOLSON_AERO,31/ENE/2022,12Hs,13.6,305,15,0.0,-77.87 -34.63
EL_BOLSON_AERO,31/ENE/2022,15Hs,19.8,297,22,0.0,-77.87 -34.63
EL_BOLSON_AERO,31/ENE/2022,18Hs,21.0,272,21,0.0,-77.87 -34.63
EL_BOLSON_AERO,31/ENE/2022,21Hs,15.2,269,14,0.0,-77.87 -34.63
EL_CALAFATE_AERO,27/ENE/2022,00Hs,12.1,276,12,0.0,-77.87 -34.63
EL_CALAFATE_AERO,27/ENE/2022,03Hs,10.2,272,7,0.0,-77.87 -34.63
EL_CALAFATE_AERO,27/ENE/2022,06Hs,8.9,293,4,0.0,-77.87 -34.63
EL_CALAFATE_AERO,27/ENE/2022,09Hs,11.9,297,2,0.0,-77.87 -34.63
EL_CALAFATE_AERO,27/ENE/2022,12Hs,15.6,279,6,0.0,-77.87 -34.63
EL_CALAFATE_AERO,27/ENE/2022,15Hs,19.4,262,13,0.0,-77.87 -34.63
EL_CALAFATE_AERO,27/ENE/2022,18Hs,21.0,280,18,0.0,-77.87 -34.63
EL_CALAFATE_AERO,27/ENE/2022,21Hs,17.3,274,18,0.0,-77.87 -34.63
EL_CALAFATE_AERO,28/ENE/2022,00Hs,14.1,312,5,0.0,-77.87 -34.63
EL_CALAFATE_AERO,28/ENE/2022,03Hs,12.3,288,4,0.0,-77.87 -34.63
EL_CALAFATE_AERO,28/ENE/2022,06Hs,11.5,275,8,0.0,-77.87 -34.63
EL_CALAFATE_AERO,28/ENE/2022,09Hs,14.2,278,9,0.0,-77.87 -34.63
EL_CALAFATE_AERO,28/ENE/2022,12Hs,17.3,282,9,0.0,-77.87 -34.63
EL_CALAFATE_AERO,28/ENE/2022,15Hs,20.8,272,14,0.0,-77.87 -34.63
EL_CALAFATE_AERO,28/ENE/2022,18Hs,21.7,273,22,0.0,-77.87 -34.63
EL_CALAFATE_AERO,28/ENE/2022,21Hs,17.7,267,21,0.0,-77.87 -34.63
EL_CALAFATE_AERO,29/ENE/2022,00Hs,15.6,255,16,0.0,-77.87 -34.63
EL_CALAFATE_AERO,29/ENE/2022,03Hs,14.8,274,10,0.0,-77.87 -34.63
EL_CALAFATE_AERO,29/ENE/2022,06Hs,14.1,265,12,0.0,-77.87 -34.63
EL_CALAFATE_AERO,29/ENE/2022,09Hs,14.2,257,20,0.0,-77.87 -34.63
EL_CALAFATE_AERO,29/ENE/2022,12Hs,15.9,261,23,0.0,-77.87 -34.63
EL_CALAFATE_AERO,29/ENE/2022,15Hs,15.7,263,29,0.0,-77.87 -34.63
EL_CALAFATE_AERO,29/ENE/2022,18Hs,14.1,260,35,0.0,-77.87 -34.63
EL_CALAFATE_AERO,29/ENE/2022,21Hs,11.3,260,29,0.0,-77.87 -34.63
EL_CALAFATE_AERO,30/ENE/2022,00Hs,8.6,259,25,0.0,-77.87 -34.63
EL_CALAFATE_AERO,30/ENE/2022,03Hs,6.6,261,20,0.0,-77.87 -34.63
EL_CALAFATE_AERO,30/ENE/2022,06Hs,5.4,264,18,0.0,-77.87 -34.63
EL_CALAFATE_AERO,30/ENE/2022,09Hs,7.1,262,18,0.0,-77.87 -34.63
EL_CALAFATE_AERO,30/ENE/2022,12Hs,10.2,272,25,0.0,-77.87 -34.63
EL_CALAFATE_AERO,30/ENE/2022,15Hs,12.2,274,32,0.0,-77.87 -34.63
EL_CALAFATE_AERO,30/ENE/2022,18Hs,12.4,261,28,0.0,-77.87 -34.63
EL_CALAFATE_AERO,30/ENE/2022,21Hs,9.8,260,29,0.0,-77.87 -34.63
EL_CALAFATE_AERO,31/ENE/2022,00Hs,8.1,262,23,0.0,-77.87 -34.63
EL_CALAFATE_AERO,31/ENE/2022,03Hs,7.0,256,21,0.0,-77.87 -34.63
EL_CALAFATE_AERO,31/ENE/2022,06Hs,6.1,273,24,0.0,-77.87 -34.63
EL_CALAFATE_AERO,31/ENE/2022,09Hs,9.5,271,26,0.0,-77.87 -34.63
EL_CALAFATE_AERO,31/ENE/2022,12Hs,13.7,263,35,0.0,-77.87 -34.63
EL_CALAFATE_AERO,31/ENE/2022,15Hs,14.7,256,46,0.0,-77.87 -34.63
EL_CALAFATE_AERO,31/ENE/2022,18Hs,13.9,258,36,0.0,-77.87 -34.63
EL_CALAFATE_AERO,31/ENE/2022,21Hs,11.6,246,22,0.0,-77.87 -34.63
EL_PALOMAR_AERO,27/ENE/2022,00Hs,19.4,145,51,0.0,-77.87 -34.63
EL_PALOMAR_AERO,27/ENE/2022,03Hs,17.6,154,45,0.0,-77.87 -34.63
EL_PALOMAR_AERO,27/ENE/2022,06Hs,16.8,154,44,0.0,-77.87 -34.63
EL_PALOMAR_AERO,27/ENE/2022,09Hs,16.8,152,39,0.0,-77.87 -34.63
EL_PALOMAR_AERO,27/ENE/2022,12Hs,17.8,151,29,0.0,-77.87 -34.63
EL_PALOMAR_AERO,27/ENE/2022,15Hs,19.6,143,27,0.0,-77.87 -34.63
EL_PALOMAR_AERO,27/ENE/2022,18Hs,19.7,121,31,0.0,-77.87 -34.63
EL_PALOMAR_AERO,27/ENE/2022,21Hs,19.6,108,33,0.0,-77.87 -34.63
EL_PALOMAR_AERO,28/ENE/2022,00Hs,18.7,87,26,0.0,-77.87 -34.63
EL_PALOMAR_AERO,28/ENE/2022,03Hs,17.8,81,24,0.0,-77.87 -34.63
EL_PALOMAR_AERO,28/ENE/2022,06Hs,17.1,75,21,0.0,-77.87 -34.63
EL_PALOMAR_AERO,28/ENE/2022,09Hs,17.0,70,14,0.0,-77.87 -34.63
EL_PALOMAR_AERO,28/ENE/2022,12Hs,18.7,130,7,0.0,-77.87 -34.63
EL_PALOMAR_AERO,28/ENE/2022,15Hs,19.9,166,15,0.0,-77.87 -34.63
EL_PALOMAR_AERO,28/ENE/2022,18Hs,20.8,143,20,0.0,-77.87 -34.63
EL_PALOMAR_AERO,28/ENE/2022,21Hs,21.2,106,26,0.0,-77.87 -34.63
EL_PALOMAR_AERO,29/ENE/2022,00Hs,20.5,90,28,0.0,-77.87 -34.63
EL_PALOMAR_AERO,29/ENE/2022,03Hs,19.2,50,25,0.0,-77.87 -34.63
EL_PALOMAR_AERO,29/ENE/2022,06Hs,18.5,19,22,0.0,-77.87 -34.63
EL_PALOMAR_AERO,29/ENE/2022,09Hs,19.7,10,23,0.0,-77.87 -34.63
EL_PALOMAR_AERO,29/ENE/2022,12Hs,23.1,3,14,0.0,-77.87 -34.63
EL_PALOMAR_AERO,29/ENE/2022,15Hs,24.4,150,8,0.0,-77.87 -34.63
EL_PALOMAR_AERO,29/ENE/2022,18Hs,23.7,122,25,0.0,-77.87 -34.63
EL_PALOMAR_AERO,29/ENE/2022,21Hs,23.1,104,32,0.0,-77.87 -34.63
EL_PALOMAR_AERO,30/ENE/2022,00Hs,22.4,46,21,0.0,-77.87 -34.63
EL_PALOMAR_AERO,30/ENE/2022,03Hs,20.9,34,31,0.0,-77.87 -34.63
EL_PALOMAR_AERO,30/ENE/2022,06Hs,19.9,25,32,0.0,-77.87 -34.63
EL_PALOMAR_AERO,30/ENE/2022,09Hs,20.8,5,29,0.0,-77.87 -34.63
EL_PALOMAR_AERO,30/ENE/2022,12Hs,24.4,4,15,0.0,-77.87 -34.63
EL_PALOMAR_AERO,30/ENE/2022,15Hs,26.0,34,6,0.0,-77.87 -34.63
EL_PALOMAR_AERO,30/ENE/2022,18Hs,26.2,98,19,0.0,-77.87 -34.63
EL_PALOMAR_AERO,30/ENE/2022,21Hs,25.0,56,15,0.0,-77.87 -34.63
EL_PALOMAR_AERO,31/ENE/2022,00Hs,23.7,23,22,0.0,-77.87 -34.63
EL_PALOMAR_AERO,31/ENE/2022,03Hs,22.7,360,19,0.2,-77.87 -34.63
EL_PALOMAR_AERO,31/ENE/2022,06Hs,21.9,286,20,0.0,-77.87 -34.63
EL_PALOMAR_AERO,31/ENE/2022,09Hs,20.9,229,11,0.5,-77.87 -34.63
EL_PALOMAR_AERO,31/ENE/2022,12Hs,22.8,159,25,0.0,-77.87 -34.63
EL_PALOMAR_AERO,31/ENE/2022,15Hs,23.1,111,19,0.0,-77.87 -34.63
EL_PALOMAR_AERO,31/ENE/2022,18Hs,22.9,116,34,0.0,-77.87 -34.63
EL_PALOMAR_AERO,31/ENE/2022,21Hs,21.6,114,34,0.0,-77.87 -34.63
EL_TREBOL,27/ENE/2022,00Hs,20.3,140,23,0.0,-77.87 -34.63
EL_TREBOL,27/ENE/2022,03Hs,19.7,144,23,0.0,-77.87 -34.63
EL_TREBOL,27/ENE/2022,06Hs,15.0,142,21,0.0,-77.87 -34.63
EL_TREBOL,27/ENE/2022,09Hs,15.6,139,22,0.0,-77.87 -34.63
EL_TREBOL,27/ENE/2022,12Hs,20.5,132,17,0.0,-77.87 -34.63
EL_TREBOL,27/ENE/2022,15Hs,23.6,133,18,0.0,-77.87 -34.63
EL_TREBOL,27/ENE/2022,18Hs,23.3,141,12,0.0,-77.87 -34.63
EL_TREBOL,27/ENE/2022,21Hs,19.6,143,9,0.0,-77.87 -34.63
EL_TREBOL,28/ENE/2022,00Hs,16.7,116,11,0.0,-77.87 -34.63
EL_TREBOL,28/ENE/2022,03Hs,14.9,96,11,0.0,-77.87 -34.63
EL_TREBOL,28/ENE/2022,06Hs,13.3,88,11,0.0,-77.87 -34.63
EL_TREBOL,28/ENE/2022,09Hs,17.5,80,13,0.0,-77.87 -34.63
EL_TREBOL,28/ENE/2022,12Hs,22.5,71,10,0.0,-77.87 -34.63
EL_TREBOL,28/ENE/2022,15Hs,25.3,78,10,0.0,-77.87 -34.63
EL_TREBOL,28/ENE/2022,18Hs,25.3,85,9,0.0,-77.87 -34.63
EL_TREBOL,28/ENE/2022,21Hs,19.6,69,6,0.0,-77.87 -34.63
EL_TREBOL,29/ENE/2022,00Hs,17.7,60,9,0.0,-77.87 -34.63
EL_TREBOL,29/ENE/2022,03Hs,16.7,51,6,0.0,-77.87 -34.63
EL_TREBOL,29/ENE/2022,06Hs,15.5,76,10,0.0,-77.87 -34.63
EL_TREBOL,29/ENE/2022,09Hs,20.2,58,12,0.0,-77.87 -34.63
EL_TREBOL,29/ENE/2022,12Hs,25.9,35,13,0.0,-77.87 -34.63
EL_TREBOL,29/ENE/2022,15Hs,28.7,42,11,0.0,-77.87 -34.63
EL_TREBOL,29/ENE/2022,18Hs,28.2,47,11,0.0,-77.87 -34.63
EL_TREBOL,29/ENE/2022,21Hs,21.5,58,11,0.0,-77.87 -34.63
EL_TREBOL,30/ENE/2022,00Hs,20.2,56,10,0.0,-77.87 -34.63
EL_TREBOL,30/ENE/2022,03Hs,18.6,50,10,0.0,-77.87 -34.63
EL_TREBOL,30/ENE/2022,06Hs,17.6,53,9,0.0,-77.87 -34.63
EL_TREBOL,30/ENE/2022,09Hs,22.4,39,11,0.0,-77.87 -34.63
EL_TREBOL,30/ENE/2022,12Hs,28.6,19,11,0.0,-77.87 -34.63
EL_TREBOL,30/ENE/2022,15Hs,31.7,5,10,0.0,-77.87 -34.63
EL_TREBOL,30/ENE/2022,18Hs,31.6,37,7,0.0,-77.87 -34.63
EL_TREBOL,30/ENE/2022,21Hs,24.3,68,10,0.0,-77.87 -34.63
EL_TREBOL,31/ENE/2022,00Hs,22.2,60,9,0.0,-77.87 -34.63
EL_TREBOL,31/ENE/2022,03Hs,23.0,275,5,0.0,-77.87 -34.63
EL_TREBOL,31/ENE/2022,06Hs,21.0,210,10,0.0,-77.87 -34.63
EL_TREBOL,31/ENE/2022,09Hs,23.3,185,16,0.0,-77.87 -34.63
EL_TREBOL,31/ENE/2022,12Hs,29.8,199,11,0.0,-77.87 -34.63
EL_TREBOL,31/ENE/2022,15Hs,32.9,167,10,0.0,-77.87 -34.63
EL_TREBOL,31/ENE/2022,18Hs,32.5,129,13,0.0,-77.87 -34.63
EL_TREBOL,31/ENE/2022,21Hs,25.2,147,13,0.0,-77.87 -34.63
ESC.AVIACION_MILITAR_AERO,27/ENE/2022,00Hs,18.9,193,9,0.2,None
ESC.AVIACION_MILITAR_AERO,27/ENE/2022,03Hs,17.4,163,13,0.4,None
ESC.AVIACION_MILITAR_AERO,27/ENE/2022,06Hs,16.6,151,14,0.4,None
ESC.AVIACION_MILITAR_AERO,27/ENE/2022,09Hs,15.1,152,15,0.8,None
ESC.AVIACION_MILITAR_AERO,27/ENE/2022,12Hs,15.5,182,14,0.2,None
ESC.AVIACION_MILITAR_AERO,27/ENE/2022,15Hs,19.2,158,11,0.0,None
ESC.AVIACION_MILITAR_AERO,27/ENE/2022,18Hs,19.6,129,11,0.0,None
ESC.AVIACION_MILITAR_AERO,27/ENE/2022,21Hs,15.1,355,3,0.0,None
ESC.AVIACION_MILITAR_AERO,28/ENE/2022,00Hs,14.3,280,6,0.0,None
ESC.AVIACION_MILITAR_AERO,28/ENE/2022,03Hs,13.9,322,7,0.0,None
ESC.AVIACION_MILITAR_AERO,28/ENE/2022,06Hs,14.4,338,7,0.0,None
ESC.AVIACION_MILITAR_AERO,28/ENE/2022,09Hs,16.4,20,6,0.0,None
ESC.AVIACION_MILITAR_AERO,28/ENE/2022,12Hs,20.8,52,11,0.0,None
ESC.AVIACION_MILITAR_AERO,28/ENE/2022,15Hs,23.3,56,15,0.0,None
ESC.AVIACION_MILITAR_AERO,28/ENE/2022,18Hs,22.6,54,14,0.0,None
ESC.AVIACION_MILITAR_AERO,28/ENE/2022,21Hs,17.9,15,9,0.0,None
ESC.AVIACION_MILITAR_AERO,29/ENE/2022,00Hs,16.5,333,9,0.0,None
ESC.AVIACION_MILITAR_AERO,29/ENE/2022,03Hs,15.6,346,9,0.0,None
ESC.AVIACION_MILITAR_AERO,29/ENE/2022,06Hs,14.8,350,8,0.0,None
ESC.AVIACION_MILITAR_AERO,29/ENE/2022,09Hs,19.2,21,11,0.0,None
ESC.AVIACION_MILITAR_AERO,29/ENE/2022,12Hs,23.4,45,15,0.0,None
ESC.AVIACION_MILITAR_AERO,29/ENE/2022,15Hs,26.0,44,16,0.0,None
ESC.AVIACION_MILITAR_AERO,29/ENE/2022,18Hs,25.2,51,15,0.0,None
ESC.AVIACION_MILITAR_AERO,29/ENE/2022,21Hs,19.6,13,10,0.0,None
ESC.AVIACION_MILITAR_AERO,30/ENE/2022,00Hs,18.1,337,9,0.0,None
ESC.AVIACION_MILITAR_AERO,30/ENE/2022,03Hs,17.6,327,9,0.0,None
ESC.AVIACION_MILITAR_AERO,30/ENE/2022,06Hs,17.1,355,7,0.0,None
ESC.AVIACION_MILITAR_AERO,30/ENE/2022,09Hs,22.0,4,10,0.0,None
ESC.AVIACION_MILITAR_AERO,30/ENE/2022,12Hs,26.7,44,16,0.0,None
ESC.AVIACION_MILITAR_AERO,30/ENE/2022,15Hs,28.6,50,16,0.0,None
ESC.AVIACION_MILITAR_AERO,30/ENE/2022,18Hs,27.7,42,14,0.0,None
ESC.AVIACION_MILITAR_AERO,30/ENE/2022,21Hs,22.2,346,11,0.0,None
ESC.AVIACION_MILITAR_AERO,31/ENE/2022,00Hs,20.4,249,5,0.0,None
ESC.AVIACION_MILITAR_AERO,31/ENE/2022,03Hs,18.9,237,7,0.0,None
ESC.AVIACION_MILITAR_AERO,31/ENE/2022,06Hs,17.0,202,8,0.2,None
ESC.AVIACION_MILITAR_AERO,31/ENE/2022,09Hs,20.3,182,13,0.3,None
ESC.AVIACION_MILITAR_AERO,31/ENE/2022,12Hs,23.8,173,16,0.0,None
ESC.AVIACION_MILITAR_AERO,31/ENE/2022,15Hs,26.9,153,10,0.0,None
ESC.AVIACION_MILITAR_AERO,31/ENE/2022,18Hs,24.7,185,14,0.4,None
ESC.AVIACION_MILITAR_AERO,31/ENE/2022,21Hs,20.6,282,5,0.0,None
ESQUEL_AERO,27/ENE/2022,00Hs,19.3,41,4,0.0,-42.9 -71.15
ESQUEL_AERO,27/ENE/2022,03Hs,17.0,355,11,0.0,-42.9 -71.15
ESQUEL_AERO,27/ENE/2022,06Hs,14.9,346,6,0.0,-42.9 -71.15
ESQUEL_AERO,27/ENE/2022,09Hs,17.4,356,10,0.0,-42.9 -71.15
ESQUEL_AERO,27/ENE/2022,12Hs,22.0,348,9,0.0,-42.9 -71.15
ESQUEL_AERO,27/ENE/2022,15Hs,25.9,327,11,0.0,-42.9 -71.15
ESQUEL_AERO,27/ENE/2022,18Hs,27.1,313,11,0.0,-42.9 -71.15
ESQUEL_AERO,27/ENE/2022,21Hs,24.7,263,13,0.0,-42.9 -71.15
ESQUEL_AERO,28/ENE/2022,00Hs,21.4,280,8,0.0,-42.9 -71.15
ESQUEL_AERO,28/ENE/2022,03Hs,18.5,286,9,0.0,-42.9 -71.15
ESQUEL_AERO,28/ENE/2022,06Hs,16.1,291,10,0.0,-42.9 -71.15
ESQUEL_AERO,28/ENE/2022,09Hs,18.6,295,9,0.0,-42.9 -71.15
ESQUEL_AERO,28/ENE/2022,12Hs,23.7,297,12,0.0,-42.9 -71.15
ESQUEL_AERO,28/ENE/2022,15Hs,26.5,267,16,0.0,-42.9 -71.15
ESQUEL_AERO,28/ENE/2022,18Hs,25.9,252,26,0.0,-42.9 -71.15
ESQUEL_AERO,28/ENE/2022,21Hs,21.5,260,16,0.0,-42.9 -71.15
ESQUEL_AERO,29/ENE/2022,00Hs,17.2,277,13,0.0,-42.9 -71.15
ESQUEL_AERO,29/ENE/2022,03Hs,13.9,287,12,0.0,-42.9 -71.15
ESQUEL_AERO,29/ENE/2022,06Hs,11.4,288,11,0.0,-42.9 -71.15
ESQUEL_AERO,29/ENE/2022,09Hs,14.3,296,11,0.0,-42.9 -71.15
ESQUEL_AERO,29/ENE/2022,12Hs,19.2,295,13,0.0,-42.9 -71.15
ESQUEL_AERO,29/ENE/2022,15Hs,22.6,281,30,0.0,-42.9 -71.15
ESQUEL_AERO,29/ENE/2022,18Hs,20.4,272,37,0.0,-42.9 -71.15
ESQUEL_AERO,29/ENE/2022,21Hs,14.9,279,28,0.0,-42.9 -71.15
ESQUEL_AERO,30/ENE/2022,00Hs,13.0,299,15,0.0,-42.9 -71.15
ESQUEL_AERO,30/ENE/2022,03Hs,11.4,316,14,0.0,-42.9 -71.15
ESQUEL_AERO,30/ENE/2022,06Hs,9.8,262,17,0.2,-42.9 -71.15
ESQUEL_AERO,30/ENE/2022,09Hs,9.1,239,16,0.0,-42.9 -71.15
ESQUEL_AERO,30/ENE/2022,12Hs,12.1,255,27,0.0,-42.9 -71.15
ESQUEL_AERO,30/ENE/2022,15Hs,13.5,241,32,0.0,-42.9 -71.15
ESQUEL_AERO,30/ENE/2022,18Hs,12.5,244,34,0.0,-42.9 -71.15
ESQUEL_AERO,30/ENE/2022,21Hs,9.1,275,18,0.0,-42.9 -71.15
ESQUEL_AERO,31/ENE/2022,00Hs,6.4,286,15,0.0,-42.9 -71.15
ESQUEL_AERO,31/ENE/2022,03Hs,3.9,294,13,0.0,-42.9 -71.15
ESQUEL_AERO,31/ENE/2022,06Hs,2.3,291,13,0.0,-42.9 -71.15
ESQUEL_AERO,31/ENE/2022,09Hs,4.9,300,14,0.0,-42.9 -71.15
ESQUEL_AERO,31/ENE/2022,12Hs,12.4,292,13,0.0,-42.9 -71.15
ESQUEL_AERO,31/ENE/2022,15Hs,18.4,270,17,0.0,-42.9 -71.15
ESQUEL_AERO,31/ENE/2022,18Hs,19.3,265,20,0.0,-42.9 -71.15
ESQUEL_AERO,31/ENE/2022,21Hs,15.4,277,15,0.0,-42.9 -71.15
EZEIZA_AERO,27/ENE/2022,00Hs,14.7,148,19,0.0,-34.82 -58.55
EZEIZA_AERO,27/ENE/2022,03Hs,13.0,161,17,0.0,-34.82 -58.55
EZEIZA_AERO,27/ENE/2022,06Hs,11.6,160,14,0.0,-34.82 -58.55
EZEIZA_AERO,27/ENE/2022,09Hs,15.0,147,17,0.0,-34.82 -58.55
EZEIZA_AERO,27/ENE/2022,12Hs,19.5,138,16,0.0,-34.82 -58.55
EZEIZA_AERO,27/ENE/2022,15Hs,22.2,138,12,0.0,-34.82 -58.55
EZEIZA_AERO,27/ENE/2022,18Hs,21.8,135,12,0.0,-34.82 -58.55
EZEIZA_AERO,27/ENE/2022,21Hs,17.7,69,7,0.0,-34.82 -58.55
EZEIZA_AERO,28/ENE/2022,00Hs,15.9,106,7,0.0,-34.82 -58.55
EZEIZA_AERO,28/ENE/2022,03Hs,14.8,128,7,0.0,-34.82 -58.55
EZEIZA_AERO,28/ENE/2022,06Hs,14.1,109,5,0.0,-34.82 -58.55
EZEIZA_AERO,28/ENE/2022,09Hs,18.4,55,5,0.0,-34.82 -58.55
EZEIZA_AERO,28/ENE/2022,12Hs,22.7,65,8,0.0,-34.82 -58.55
EZEIZA_AERO,28/ENE/2022,15Hs,24.6,51,12,0.0,-34.82 -58.55
EZEIZA_AERO,28/ENE/2022,18Hs,23.4,58,12,0.0,-34.82 -58.55
EZEIZA_AERO,28/ENE/2022,21Hs,18.8,68,10,0.0,-34.82 -58.55
EZEIZA_AERO,29/ENE/2022,00Hs,17.8,79,8,0.0,-34.82 -58.55
EZEIZA_AERO,29/ENE/2022,03Hs,17.5,56,10,0.0,-34.82 -58.55
EZEIZA_AERO,29/ENE/2022,06Hs,16.6,30,7,0.0,-34.82 -58.55
EZEIZA_AERO,29/ENE/2022,09Hs,20.7,14,13,0.0,-34.82 -58.55
EZEIZA_AERO,29/ENE/2022,12Hs,26.2,6,10,0.0,-34.82 -58.55
EZEIZA_AERO,29/ENE/2022,15Hs,29.1,43,9,0.0,-34.82 -58.55
EZEIZA_AERO,29/ENE/2022,18Hs,27.3,54,14,0.0,-34.82 -58.55
EZEIZA_AERO,29/ENE/2022,21Hs,22.1,66,12,0.0,-34.82 -58.55
EZEIZA_AERO,30/ENE/2022,00Hs,21.0,58,12,0.0,-34.82 -58.55
EZEIZA_AERO,30/ENE/2022,03Hs,20.2,38,12,0.0,-34.82 -58.55
EZEIZA_AERO,30/ENE/2022,06Hs,19.0,22,11,0.0,-34.82 -58.55
EZEIZA_AERO,30/ENE/2022,09Hs,22.5,13,14,0.0,-34.82 -58.55
EZEIZA_AERO,30/ENE/2022,12Hs,28.8,348,10,0.0,-34.82 -58.55
EZEIZA_AERO,30/ENE/2022,15Hs,31.7,4,8,0.0,-34.82 -58.55
EZEIZA_AERO,30/ENE/2022,18Hs,29.8,54,13,0.0,-34.82 -58.55
EZEIZA_AERO,30/ENE/2022,21Hs,24.7,62,12,0.0,-34.82 -58.55
EZEIZA_AERO,31/ENE/2022,00Hs,23.2,43,7,0.0,-34.82 -58.55
EZEIZA_AERO,31/ENE/2022,03Hs,23.4,3,15,0.0,-34.82 -58.55
EZEIZA_AERO,31/ENE/2022,06Hs,19.1,237,6,0.6,-34.82 -58.55
EZEIZA_AERO,31/ENE/2022,09Hs,22.0,182,18,0.0,-34.82 -58.55
EZEIZA_AERO,31/ENE/2022,12Hs,26.1,166,18,0.0,-34.82 -58.55
EZEIZA_AERO,31/ENE/2022,15Hs,28.6,170,16,0.0,-34.82 -58.55
EZEIZA_AERO,31/ENE/2022,18Hs,27.2,148,12,0.0,-34.82 -58.55
EZEIZA_AERO,31/ENE/2022,21Hs,21.8,93,9,0.0,-34.82 -58.55
FORMOSA_AERO,27/ENE/2022,00Hs,23.2,139,13,1.6,-26.22 -58.23
FORMOSA_AERO,27/ENE/2022,03Hs,22.6,281,7,0.6,-26.22 -58.23
FORMOSA_AERO,27/ENE/2022,06Hs,22.8,277,2,0.0,-26.22 -58.23
FORMOSA_AERO,27/ENE/2022,09Hs,26.1,184,10,0.9,-26.22 -58.23
FORMOSA_AERO,27/ENE/2022,12Hs,26.6,186,17,2.8,-26.22 -58.23
FORMOSA_AERO,27/ENE/2022,15Hs,27.5,187,15,2.4,-26.22 -58.23
FORMOSA_AERO,27/ENE/2022,18Hs,28.2,175,18,0.0,-26.22 -58.23
FORMOSA_AERO,27/ENE/2022,21Hs,25.4,159,19,0.0,-26.22 -58.23
FORMOSA_AERO,28/ENE/2022,00Hs,24.2,146,14,0.0,-26.22 -58.23
FORMOSA_AERO,28/ENE/2022,03Hs,22.3,162,11,0.0,-26.22 -58.23
FORMOSA_AERO,28/ENE/2022,06Hs,20.8,173,14,0.0,-26.22 -58.23
FORMOSA_AERO,28/ENE/2022,09Hs,24.5,153,17,0.0,-26.22 -58.23
FORMOSA_AERO,28/ENE/2022,12Hs,31.8,160,17,0.0,-26.22 -58.23
FORMOSA_AERO,28/ENE/2022,15Hs,35.2,167,19,0.0,-26.22 -58.23
FORMOSA_AERO,28/ENE/2022,18Hs,34.5,167,19,0.0,-26.22 -58.23
FORMOSA_AERO,28/ENE/2022,21Hs,25.6,173,10,0.0,-26.22 -58.23
FORMOSA_AERO,29/ENE/2022,00Hs,25.0,141,16,0.0,-26.22 -58.23
FORMOSA_AERO,29/ENE/2022,03Hs,20.7,134,7,0.0,-26.22 -58.23
FORMOSA_AERO,29/ENE/2022,06Hs,19.7,128,8,0.0,-26.22 -58.23
FORMOSA_AERO,29/ENE/2022,09Hs,26.6,106,9,0.0,-26.22 -58.23
FORMOSA_AERO,29/ENE/2022,12Hs,33.6,130,12,0.0,-26.22 -58.23
FORMOSA_AERO,29/ENE/2022,15Hs,36.8,126,12,0.0,-26.22 -58.23
FORMOSA_AERO,29/ENE/2022,18Hs,36.5,124,12,0.0,-26.22 -58.23
FORMOSA_AERO,29/ENE/2022,21Hs,27.5,158,9,0.0,-26.22 -58.23
FORMOSA_AERO,30/ENE/2022,00Hs,24.4,77,10,0.0,-26.22 -58.23
FORMOSA_AERO,30/ENE/2022,03Hs,23.5,35,12,0.0,-26.22 -58.23
FORMOSA_AERO,30/ENE/2022,06Hs,21.0,48,8,0.0,-26.22 -58.23
FORMOSA_AERO,30/ENE/2022,09Hs,27.2,37,12,0.0,-26.22 -58.23
FORMOSA_AERO,30/ENE/2022,12Hs,35.3,43,10,0.0,-26.22 -58.23
FORMOSA_AERO,30/ENE/2022,15Hs,39.6,93,8,0.0,-26.22 -58.23
FORMOSA_AERO,30/ENE/2022,18Hs,38.1,111,9,0.0,-26.22 -58.23
FORMOSA_AERO,30/ENE/2022,21Hs,29.8,84,10,0.0,-26.22 -58.23
FORMOSA_AERO,31/ENE/2022,00Hs,28.8,37,16,0.0,-26.22 -58.23
FORMOSA_AERO,31/ENE/2022,03Hs,25.9,18,15,0.0,-26.22 -58.23
FORMOSA_AERO,31/ENE/2022,06Hs,23.8,32,12,0.0,-26.22 -58.23
FORMOSA_AERO,31/ENE/2022,09Hs,29.1,11,16,0.0,-26.22 -58.23
FORMOSA_AERO,31/ENE/2022,12Hs,37.2,352,12,0.0,-26.22 -58.23
FORMOSA_AERO,31/ENE/2022,15Hs,39.5,97,7,0.0,-26.22 -58.23
FORMOSA_AERO,31/ENE/2022,18Hs,38.6,55,8,0.0,-26.22 -58.23
FORMOSA_AERO,31/ENE/2022,21Hs,21.7,255,22,0.5,-26.22 -58.23
GENERAL_PICO_AERO,27/ENE/2022,00Hs,18.2,104,20,0.0,-35.68 -63.77
GENERAL_PICO_AERO,27/ENE/2022,03Hs,15.1,108,17,0.0,-35.68 -63.77
GENERAL_PICO_AERO,27/ENE/2022,06Hs,12.5,100,13,0.0,-35.68 -63.77
GENERAL_PICO_AERO,27/ENE/2022,09Hs,15.3,75,17,0.0,-35.68 -63.77
GENERAL_PICO_AERO,27/ENE/2022,12Hs,20.6,68,15,0.0,-35.68 -63.77
GENERAL_PICO_AERO,27/ENE/2022,15Hs,23.9,76,17,0.0,-35.68 -63.77
GENERAL_PICO_AERO,27/ENE/2022,18Hs,23.7,78,18,0.0,-35.68 -63.77
GENERAL_PICO_AERO,27/ENE/2022,21Hs,17.7,64,13,0.0,-35.68 -63.77
GENERAL_PICO_AERO,28/ENE/2022,00Hs,15.3,48,13,0.0,-35.68 -63.77
GENERAL_PICO_AERO,28/ENE/2022,03Hs,13.7,39,13,0.0,-35.68 -63.77
GENERAL_PICO_AERO,28/ENE/2022,06Hs,12.6,32,13,0.0,-35.68 -63.77
GENERAL_PICO_AERO,28/ENE/2022,09Hs,17.7,23,20,0.0,-35.68 -63.77
GENERAL_PICO_AERO,28/ENE/2022,12Hs,23.8,22,22,0.0,-35.68 -63.77
GENERAL_PICO_AERO,28/ENE/2022,15Hs,27.5,22,21,0.0,-35.68 -63.77
GENERAL_PICO_AERO,28/ENE/2022,18Hs,27.6,22,19,0.0,-35.68 -63.77
GENERAL_PICO_AERO,28/ENE/2022,21Hs,21.5,55,14,0.0,-35.68 -63.77
GENERAL_PICO_AERO,29/ENE/2022,00Hs,18.4,38,15,0.0,-35.68 -63.77
GENERAL_PICO_AERO,29/ENE/2022,03Hs,18.0,27,16,0.0,-35.68 -63.77
GENERAL_PICO_AERO,29/ENE/2022,06Hs,16.4,20,12,0.0,-35.68 -63.77
GENERAL_PICO_AERO,29/ENE/2022,09Hs,21.6,1,22,0.0,-35.68 -63.77
GENERAL_PICO_AERO,29/ENE/2022,12Hs,28.0,2,22,0.0,-35.68 -63.77
GENERAL_PICO_AERO,29/ENE/2022,15Hs,31.5,14,19,0.0,-35.68 -63.77
GENERAL_PICO_AERO,29/ENE/2022,18Hs,30.9,18,25,0.0,-35.68 -63.77
GENERAL_PICO_AERO,29/ENE/2022,21Hs,23.5,16,10,0.3,-35.68 -63.77
GENERAL_PICO_AERO,30/ENE/2022,00Hs,19.8,29,14,0.8,-35.68 -63.77
GENERAL_PICO_AERO,30/ENE/2022,03Hs,18.0,0,14,0.0,-35.68 -63.77
GENERAL_PICO_AERO,30/ENE/2022,06Hs,17.9,32,8,0.2,-35.68 -63.77
GENERAL_PICO_AERO,30/ENE/2022,09Hs,23.3,320,6,0.0,-35.68 -63.77
GENERAL_PICO_AERO,30/ENE/2022,12Hs,29.2,163,12,0.5,-35.68 -63.77
GENERAL_PICO_AERO,30/ENE/2022,15Hs,32.0,155,18,0.8,-35.68 -63.77
GENERAL_PICO_AERO,30/ENE/2022,18Hs,30.8,81,12,0.0,-35.68 -63.77
GENERAL_PICO_AERO,30/ENE/2022,21Hs,23.3,188,11,0.0,-35.68 -63.77
GENERAL_PICO_AERO,31/ENE/2022,00Hs,21.5,195,11,0.0,-35.68 -63.77
GENERAL_PICO_AERO,31/ENE/2022,03Hs,18.7,195,16,0.0,-35.68 -63.77
GENERAL_PICO_AERO,31/ENE/2022,06Hs,15.1,178,15,0.0,-35.68 -63.77
GENERAL_PICO_AERO,31/ENE/2022,09Hs,17.9,140,20,0.0,-35.68 -63.77
GENERAL_PICO_AERO,31/ENE/2022,12Hs,23.7,121,14,0.0,-35.68 -63.77
GENERAL_PICO_AERO,31/ENE/2022,15Hs,27.1,113,12,0.0,-35.68 -63.77
GENERAL_PICO_AERO,31/ENE/2022,18Hs,27.7,55,13,0.0,-35.68 -63.77
GENERAL_PICO_AERO,31/ENE/2022,21Hs,20.7,61,15,0.0,-35.68 -63.77
GOBERNADOR_GREGORES_AERO,27/ENE/2022,00Hs,19.3,82,8,0.0,-48.78 -70.17
GOBERNADOR_GREGORES_AERO,27/ENE/2022,03Hs,17.1,52,9,0.0,-48.78 -70.17
GOBERNADOR_GREGORES_AERO,27/ENE/2022,06Hs,14.7,165,5,0.0,-48.78 -70.17
GOBERNADOR_GREGORES_AERO,27/ENE/2022,09Hs,16.7,124,6,0.0,-48.78 -70.17
GOBERNADOR_GREGORES_AERO,27/ENE/2022,12Hs,20.3,100,9,0.0,-48.78 -70.17
GOBERNADOR_GREGORES_AERO,27/ENE/2022,15Hs,23.6,146,6,0.0,-48.78 -70.17
GOBERNADOR_GREGORES_AERO,27/ENE/2022,18Hs,25.2,195,11,0.0,-48.78 -70.17
GOBERNADOR_GREGORES_AERO,27/ENE/2022,21Hs,23.9,141,19,0.0,-48.78 -70.17
GOBERNADOR_GREGORES_AERO,28/ENE/2022,00Hs,16.7,51,26,0.0,-48.78 -70.17
GOBERNADOR_GREGORES_AERO,28/ENE/2022,03Hs,15.5,35,16,0.0,-48.78 -70.17
GOBERNADOR_GREGORES_AERO,28/ENE/2022,06Hs,14.6,44,7,0.0,-48.78 -70.17
GOBERNADOR_GREGORES_AERO,28/ENE/2022,09Hs,17.6,43,4,0.0,-48.78 -70.17
GOBERNADOR_GREGORES_AERO,28/ENE/2022,12Hs,21.6,217,4,0.0,-48.78 -70.17
GOBERNADOR_GREGORES_AERO,28/ENE/2022,15Hs,25.6,171,9,0.0,-48.78 -70.17
GOBERNADOR_GREGORES_AERO,28/ENE/2022,18Hs,27.3,171,15,0.0,-48.78 -70.17
GOBERNADOR_GREGORES_AERO,28/ENE/2022,21Hs,26.1,245,18,0.0,-48.78 -70.17
GOBERNADOR_GREGORES_AERO,29/ENE/2022,00Hs,20.7,240,20,0.0,-48.78 -70.17
GOBERNADOR_GREGORES_AERO,29/ENE/2022,03Hs,18.4,268,12,0.0,-48.78 -70.17
GOBERNADOR_GREGORES_AERO,29/ENE/2022,06Hs,17.0,301,15,0.0,-48.78 -70.17
GOBERNADOR_GREGORES_AERO,29/ENE/2022,09Hs,19.9,306,29,0.0,-48.78 -70.17
GOBERNADOR_GREGORES_AERO,29/ENE/2022,12Hs,23.0,294,43,0.0,-48.78 -70.17
GOBERNADOR_GREGORES_AERO,29/ENE/2022,15Hs,24.6,284,41,0.0,-48.78 -70.17
GOBERNADOR_GREGORES_AERO,29/ENE/2022,18Hs,20.2,265,39,0.0,-48.78 -70.17
GOBERNADOR_GREGORES_AERO,29/ENE/2022,21Hs,13.8,200,49,0.2,-48.78 -70.17
GOBERNADOR_GREGORES_AERO,30/ENE/2022,00Hs,7.8,155,31,2.1,-48.78 -70.17
GOBERNADOR_GREGORES_AERO,30/ENE/2022,03Hs,6.5,168,21,1.6,-48.78 -70.17
GOBERNADOR_GREGORES_AERO,30/ENE/2022,06Hs,7.0,264,4,0.1,-48.78 -70.17
GOBERNADOR_GREGORES_AERO,30/ENE/2022,09Hs,8.0,139,3,1.1,-48.78 -70.17
GOBERNADOR_GREGORES_AERO,30/ENE/2022,12Hs,12.6,227,25,0.2,-48.78 -70.17
GOBERNADOR_GREGORES_AERO,30/ENE/2022,15Hs,14.3,224,26,0.0,-48.78 -70.17
GOBERNADOR_GREGORES_AERO,30/ENE/2022,18Hs,15.3,216,31,0.0,-48.78 -70.17
GOBERNADOR_GREGORES_AERO,30/ENE/2022,21Hs,13.5,203,28,0.0,-48.78 -70.17
GOBERNADOR_GREGORES_AERO,31/ENE/2022,00Hs,10.9,216,18,0.0,-48.78 -70.17
GOBERNADOR_GREGORES_AERO,31/ENE/2022,03Hs,10.7,309,12,0.0,-48.78 -70.17
GOBERNADOR_GREGORES_AERO,31/ENE/2022,06Hs,10.0,309,8,0.0,-48.78 -70.17
GOBERNADOR_GREGORES_AERO,31/ENE/2022,09Hs,12.1,276,29,0.0,-48.78 -70.17
GOBERNADOR_GREGORES_AERO,31/ENE/2022,12Hs,17.3,251,52,0.0,-48.78 -70.17
GOBERNADOR_GREGORES_AERO,31/ENE/2022,15Hs,20.1,225,49,0.0,-48.78 -70.17
GOBERNADOR_GREGORES_AERO,31/ENE/2022,18Hs,19.1,221,37,0.0,-48.78 -70.17
GOBERNADOR_GREGORES_AERO,31/ENE/2022,21Hs,16.5,209,19,0.0,-48.78 -70.17
GUALEGUAYCHU_AERO,27/ENE/2022,00Hs,19.5,146,33,0.0,-33.02 -58.62
GUALEGUAYCHU_AERO,27/ENE/2022,03Hs,16.9,147,27,0.0,-33.02 -58.62
GUALEGUAYCHU_AERO,27/ENE/2022,06Hs,15.8,154,24,0.0,-33.02 -58.62
GUALEGUAYCHU_AERO,27/ENE/2022,09Hs,17.9,148,27,0.0,-33.02 -58.62
GUALEGUAYCHU_AERO,27/ENE/2022,12Hs,22.2,158,24,0.0,-33.02 -58.62
GUALEGUAYCHU_AERO,27/ENE/2022,15Hs,23.6,169,27,0.0,-33.02 -58.62
GUALEGUAYCHU_AERO,27/ENE/2022,18Hs,22.2,154,25,0.0,-33.02 -58.62
GUALEGUAYCHU_AERO,27/ENE/2022,21Hs,17.4,136,21,0.0,-33.02 -58.62
GUALEGUAYCHU_AERO,28/ENE/2022,00Hs,14.6,119,15,0.0,-33.02 -58.62
GUALEGUAYCHU_AERO,28/ENE/2022,03Hs,12.6,103,12,0.0,-33.02 -58.62
GUALEGUAYCHU_AERO,28/ENE/2022,06Hs,11.9,109,10,0.0,-33.02 -58.62
GUALEGUAYCHU_AERO,28/ENE/2022,09Hs,17.7,89,12,0.0,-33.02 -58.62
GUALEGUAYCHU_AERO,28/ENE/2022,12Hs,22.5,101,11,0.0,-33.02 -58.62
GUALEGUAYCHU_AERO,28/ENE/2022,15Hs,25.4,118,11,0.0,-33.02 -58.62
GUALEGUAYCHU_AERO,28/ENE/2022,18Hs,24.9,128,12,0.0,-33.02 -58.62
GUALEGUAYCHU_AERO,28/ENE/2022,21Hs,18.3,175,12,0.0,-33.02 -58.62
GUALEGUAYCHU_AERO,29/ENE/2022,00Hs,16.6,109,12,0.0,-33.02 -58.62
GUALEGUAYCHU_AERO,29/ENE/2022,03Hs,15.3,77,12,0.0,-33.02 -58.62
GUALEGUAYCHU_AERO,29/ENE/2022,06Hs,14.2,58,11,0.0,-33.02 -58.62
GUALEGUAYCHU_AERO,29/ENE/2022,09Hs,20.8,37,16,0.0,-33.02 -58.62
GUALEGUAYCHU_AERO,29/ENE/2022,12Hs,26.5,47,13,0.0,-33.02 -58.62
GUALEGUAYCHU_AERO,29/ENE/2022,15Hs,29.3,68,11,0.0,-33.02 -58.62
GUALEGUAYCHU_AERO,29/ENE/2022,18Hs,28.5,91,14,0.0,-33.02 -58.62
GUALEGUAYCHU_AERO,29/ENE/2022,21Hs,22.0,87,15,0.0,-33.02 -58.62
GUALEGUAYCHU_AERO,30/ENE/2022,00Hs,19.7,68,13,0.0,-33.02 -58.62
GUALEGUAYCHU_AERO,30/ENE/2022,03Hs,17.4,64,16,0.0,-33.02 -58.62
GUALEGUAYCHU_AERO,30/ENE/2022,06Hs,15.7,50,14,0.0,-33.02 -58.62
GUALEGUAYCHU_AERO,30/ENE/2022,09Hs,22.2,29,19,0.0,-33.02 -58.62
GUALEGUAYCHU_AERO,30/ENE/2022,12Hs,29.0,19,15,0.0,-33.02 -58.62
GUALEGUAYCHU_AERO,30/ENE/2022,15Hs,32.0,25,11,0.0,-33.02 -58.62
GUALEGUAYCHU_AERO,30/ENE/2022,18Hs,31.6,54,14,0.0,-33.02 -58.62
GUALEGUAYCHU_AERO,30/ENE/2022,21Hs,24.3,64,14,0.0,-33.02 -58.62
GUALEGUAYCHU_AERO,31/ENE/2022,00Hs,21.6,44,14,0.0,-33.02 -58.62
GUALEGUAYCHU_AERO,31/ENE/2022,03Hs,19.8,26,10,0.0,-33.02 -58.62
GUALEGUAYCHU_AERO,31/ENE/2022,06Hs,19.9,277,7,0.0,-33.02 -58.62
GUALEGUAYCHU_AERO,31/ENE/2022,09Hs,25.0,253,10,0.1,-33.02 -58.62
GUALEGUAYCHU_AERO,31/ENE/2022,12Hs,30.3,175,16,0.0,-33.02 -58.62
GUALEGUAYCHU_AERO,31/ENE/2022,15Hs,30.3,161,25,0.0,-33.02 -58.62
GUALEGUAYCHU_AERO,31/ENE/2022,18Hs,28.1,159,26,0.0,-33.02 -58.62
GUALEGUAYCHU_AERO,31/ENE/2022,21Hs,22.2,127,16,0.0,-33.02 -58.62
IGUAZU_AERO,27/ENE/2022,00Hs,21.7,134,3,2.2,-25.73 -54.48
IGUAZU_AERO,27/ENE/2022,03Hs,21.8,62,2,0.0,-25.73 -54.48
IGUAZU_AERO,27/ENE/2022,06Hs,21.0,356,5,0.2,-25.73 -54.48
IGUAZU_AERO,27/ENE/2022,09Hs,26.0,306,5,0.0,-25.73 -54.48
IGUAZU_AERO,27/ENE/2022,12Hs,30.7,274,13,0.4,-25.73 -54.48
IGUAZU_AERO,27/ENE/2022,15Hs,33.3,257,12,0.4,-25.73 -54.48
IGUAZU_AERO,27/ENE/2022,18Hs,29.5,196,14,0.2,-25.73 -54.48
IGUAZU_AERO,27/ENE/2022,21Hs,22.1,188,8,1.7,-25.73 -54.48
IGUAZU_AERO,28/ENE/2022,00Hs,21.2,164,11,0.0,-25.73 -54.48
IGUAZU_AERO,28/ENE/2022,03Hs,19.7,175,7,0.0,-25.73 -54.48
IGUAZU_AERO,28/ENE/2022,06Hs,18.6,166,6,0.0,-25.73 -54.48
IGUAZU_AERO,28/ENE/2022,09Hs,23.9,119,8,0.0,-25.73 -54.48
IGUAZU_AERO,28/ENE/2022,12Hs,23.8,138,7,2.2,-25.73 -54.48
IGUAZU_AERO,28/ENE/2022,15Hs,25.8,138,10,3.4,-25.73 -54.48
IGUAZU_AERO,28/ENE/2022,18Hs,23.1,116,12,2.5,-25.73 -54.48
IGUAZU_AERO,28/ENE/2022,21Hs,19.7,115,13,0.2,-25.73 -54.48
IGUAZU_AERO,29/ENE/2022,00Hs,18.1,103,10,0.0,-25.73 -54.48
IGUAZU_AERO,29/ENE/2022,03Hs,18.0,115,6,0.0,-25.73 -54.48
IGUAZU_AERO,29/ENE/2022,06Hs,17.5,122,7,0.0,-25.73 -54.48
IGUAZU_AERO,29/ENE/2022,09Hs,23.5,88,8,0.0,-25.73 -54.48
IGUAZU_AERO,29/ENE/2022,12Hs,24.6,21,9,0.0,-25.73 -54.48
IGUAZU_AERO,29/ENE/2022,15Hs,28.0,18,12,0.0,-25.73 -54.48
IGUAZU_AERO,29/ENE/2022,18Hs,25.5,71,13,0.0,-25.73 -54.48
IGUAZU_AERO,29/ENE/2022,21Hs,20.0,40,8,0.0,-25.73 -54.48
IGUAZU_AERO,30/ENE/2022,00Hs,19.7,56,6,0.0,-25.73 -54.48
IGUAZU_AERO,30/ENE/2022,03Hs,17.7,105,5,0.0,-25.73 -54.48
IGUAZU_AERO,30/ENE/2022,06Hs,17.4,100,5,0.0,-25.73 -54.48
IGUAZU_AERO,30/ENE/2022,09Hs,22.9,63,9,0.0,-25.73 -54.48
IGUAZU_AERO,30/ENE/2022,12Hs,28.3,40,13,0.0,-25.73 -54.48
IGUAZU_AERO,30/ENE/2022,15Hs,27.7,42,12,0.4,-25.73 -54.48
IGUAZU_AERO,30/ENE/2022,18Hs,27.8,40,10,0.0,-25.73 -54.48
IGUAZU_AERO,30/ENE/2022,21Hs,22.5,32,14,0.0,-25.73 -54.48
IGUAZU_AERO,31/ENE/2022,00Hs,22.1,46,16,0.0,-25.73 -54.48
IGUAZU_AERO,31/ENE/2022,03Hs,19.5,62,8,0.0,-25.73 -54.48
IGUAZU_AERO,31/ENE/2022,06Hs,17.5,76,5,0.0,-25.73 -54.48
IGUAZU_AERO,31/ENE/2022,09Hs,25.1,23,11,0.0,-25.73 -54.48
IGUAZU_AERO,31/ENE/2022,12Hs,31.9,316,12,0.0,-25.73 -54.48
IGUAZU_AERO,31/ENE/2022,15Hs,30.6,290,13,0.0,-25.73 -54.48
IGUAZU_AERO,31/ENE/2022,18Hs,28.9,19,17,0.0,-25.73 -54.48
IGUAZU_AERO,31/ENE/2022,21Hs,24.3,32,11,0.0,-25.73 -54.48
ITUZAINGO,27/ENE/2022,00Hs,24.5,173,7,0.0,-27.58 -56.68
ITUZAINGO,27/ENE/2022,03Hs,23.3,170,8,0.0,-27.58 -56.68
ITUZAINGO,27/ENE/2022,06Hs,22.4,185,14,0.0,-27.58 -56.68
ITUZAINGO,27/ENE/2022,09Hs,23.2,167,22,0.0,-27.58 -56.68
ITUZAINGO,27/ENE/2022,12Hs,25.9,155,22,0.0,-27.58 -56.68
ITUZAINGO,27/ENE/2022,15Hs,26.3,150,23,0.0,-27.58 -56.68
ITUZAINGO,27/ENE/2022,18Hs,25.6,151,25,0.0,-27.58 -56.68
ITUZAINGO,27/ENE/2022,21Hs,22.9,124,17,0.0,-27.58 -56.68
ITUZAINGO,28/ENE/2022,00Hs,21.4,119,13,0.0,-27.58 -56.68
ITUZAINGO,28/ENE/2022,03Hs,19.9,134,19,0.0,-27.58 -56.68
ITUZAINGO,28/ENE/2022,06Hs,17.6,144,17,0.0,-27.58 -56.68
ITUZAINGO,28/ENE/2022,09Hs,22.5,131,20,0.0,-27.58 -56.68
ITUZAINGO,28/ENE/2022,12Hs,29.6,146,19,0.0,-27.58 -56.68
ITUZAINGO,28/ENE/2022,15Hs,33.4,143,16,0.0,-27.58 -56.68
ITUZAINGO,28/ENE/2022,18Hs,33.0,144,16,0.0,-27.58 -56.68
ITUZAINGO,28/ENE/2022,21Hs,24.7,169,16,0.0,-27.58 -56.68
ITUZAINGO,29/ENE/2022,00Hs,22.5,114,16,0.0,-27.58 -56.68
ITUZAINGO,29/ENE/2022,03Hs,19.8,112,12,0.0,-27.58 -56.68
ITUZAINGO,29/ENE/2022,06Hs,17.4,130,11,0.0,-27.58 -56.68
ITUZAINGO,29/ENE/2022,09Hs,24.4,112,13,0.0,-27.58 -56.68
ITUZAINGO,29/ENE/2022,12Hs,31.7,146,14,0.0,-27.58 -56.68
ITUZAINGO,29/ENE/2022,15Hs,34.6,141,14,0.0,-27.58 -56.68
ITUZAINGO,29/ENE/2022,18Hs,34.0,122,15,0.0,-27.58 -56.68
ITUZAINGO,29/ENE/2022,21Hs,26.5,122,9,0.0,-27.58 -56.68
ITUZAINGO,30/ENE/2022,00Hs,22.2,134,14,0.0,-27.58 -56.68
ITUZAINGO,30/ENE/2022,03Hs,21.2,88,11,0.0,-27.58 -56.68
ITUZAINGO,30/ENE/2022,06Hs,19.1,54,9,0.0,-27.58 -56.68
ITUZAINGO,30/ENE/2022,09Hs,26.4,26,16,0.0,-27.58 -56.68
ITUZAINGO,30/ENE/2022,12Hs,33.6,21,12,0.0,-27.58 -56.68
ITUZAINGO,30/ENE/2022,15Hs,37.4,52,8,0.0,-27.58 -56.68
ITUZAINGO,30/ENE/2022,18Hs,36.8,38,9,0.0,-27.58 -56.68
ITUZAINGO,30/ENE/2022,21Hs,28.7,76,11,0.0,-27.58 -56.68
ITUZAINGO,31/ENE/2022,00Hs,27.1,25,17,0.0,-27.58 -56.68
ITUZAINGO,31/ENE/2022,03Hs,24.7,12,17,0.0,-27.58 -56.68
ITUZAINGO,31/ENE/2022,06Hs,21.5,40,11,0.0,-27.58 -56.68
ITUZAINGO,31/ENE/2022,09Hs,27.8,2,20,0.0,-27.58 -56.68
ITUZAINGO,31/ENE/2022,12Hs,35.5,334,13,0.0,-27.58 -56.68
ITUZAINGO,31/ENE/2022,15Hs,40.7,269,4,0.0,-27.58 -56.68
ITUZAINGO,31/ENE/2022,18Hs,37.7,148,19,0.0,-27.58 -56.68
ITUZAINGO,31/ENE/2022,21Hs,30.5,4,19,0.2,-27.58 -56.68
JACHAL,27/ENE/2022,00Hs,24.9,178,31,0.4,-30.23 -68.73
JACHAL,27/ENE/2022,03Hs,19.9,179,30,0.5,-30.23 -68.73
JACHAL,27/ENE/2022,06Hs,18.6,179,29,1.7,-30.23 -68.73
JACHAL,27/ENE/2022,09Hs,18.0,166,28,1.4,-30.23 -68.73
JACHAL,27/ENE/2022,12Hs,16.8,173,33,4.2,-30.23 -68.73
JACHAL,27/ENE/2022,15Hs,17.0,181,28,2.2,-30.23 -68.73
JACHAL,27/ENE/2022,18Hs,17.5,175,14,0.9,-30.23 -68.73
JACHAL,27/ENE/2022,21Hs,18.1,225,5,0.0,-30.23 -68.73
JACHAL,28/ENE/2022,00Hs,18.2,14,2,0.0,-30.23 -68.73
JACHAL,28/ENE/2022,03Hs,17.5,54,4,0.0,-30.23 -68.73
JACHAL,28/ENE/2022,06Hs,17.0,9,5,0.0,-30.23 -68.73
JACHAL,28/ENE/2022,09Hs,18.4,45,7,0.0,-30.23 -68.73
JACHAL,28/ENE/2022,12Hs,22.1,72,8,0.0,-30.23 -68.73
JACHAL,28/ENE/2022,15Hs,25.6,102,10,0.0,-30.23 -68.73
JACHAL,28/ENE/2022,18Hs,27.3,140,10,0.0,-30.23 -68.73
JACHAL,28/ENE/2022,21Hs,26.8,147,12,0.0,-30.23 -68.73
JACHAL,29/ENE/2022,00Hs,23.8,74,8,0.0,-30.23 -68.73
JACHAL,29/ENE/2022,03Hs,22.9,89,5,0.0,-30.23 -68.73
JACHAL,29/ENE/2022,06Hs,21.4,120,4,0.0,-30.23 -68.73
JACHAL,29/ENE/2022,09Hs,21.9,156,3,0.0,-30.23 -68.73
JACHAL,29/ENE/2022,12Hs,25.5,114,8,0.0,-30.23 -68.73
JACHAL,29/ENE/2022,15Hs,28.9,109,13,0.0,-30.23 -68.73
JACHAL,29/ENE/2022,18Hs,30.0,137,14,0.0,-30.23 -68.73
JACHAL,29/ENE/2022,21Hs,27.9,98,24,0.0,-30.23 -68.73
JACHAL,30/ENE/2022,00Hs,25.6,66,6,0.0,-30.23 -68.73
JACHAL,30/ENE/2022,03Hs,24.4,78,3,0.0,-30.23 -68.73
JACHAL,30/ENE/2022,06Hs,22.9,119,4,0.0,-30.23 -68.73
JACHAL,30/ENE/2022,09Hs,23.1,77,0,0.7,-30.23 -68.73
JACHAL,30/ENE/2022,12Hs,27.2,129,9,0.0,-30.23 -68.73
JACHAL,30/ENE/2022,15Hs,30.1,127,16,0.0,-30.23 -68.73
JACHAL,30/ENE/2022,18Hs,31.0,129,16,0.0,-30.23 -68.73
JACHAL,30/ENE/2022,21Hs,29.8,124,18,0.0,-30.23 -68.73
JACHAL,31/ENE/2022,00Hs,26.1,189,13,0.8,-30.23 -68.73
JACHAL,31/ENE/2022,03Hs,24.2,173,32,0.8,-30.23 -68.73
JACHAL,31/ENE/2022,06Hs,19.5,194,20,4.7,-30.23 -68.73
JACHAL,31/ENE/2022,09Hs,20.7,166,22,1.1,-30.23 -68.73
JACHAL,31/ENE/2022,12Hs,22.8,163,21,0.0,-30.23 -68.73
JACHAL,31/ENE/2022,15Hs,24.9,118,8,0.0,-30.23 -68.73
JACHAL,31/ENE/2022,18Hs,26.2,106,12,0.0,-30.23 -68.73
JACHAL,31/ENE/2022,21Hs,25.4,78,4,0.0,-30.23 -68.73
JUJUY_AERO,27/ENE/2022,00Hs,19.3,247,6,0.2,-24.38 -65.1
JUJUY_AERO,27/ENE/2022,03Hs,17.7,259,7,2.1,-24.38 -65.1
JUJUY_AERO,27/ENE/2022,06Hs,17.9,206,2,11.5,-24.38 -65.1
JUJUY_AERO,27/ENE/2022,09Hs,17.6,212,5,14.8,-24.38 -65.1
JUJUY_AERO,27/ENE/2022,12Hs,17.5,264,6,15.9,-24.38 -65.1
JUJUY_AERO,27/ENE/2022,15Hs,18.1,255,2,1.9,-24.38 -65.1
JUJUY_AERO,27/ENE/2022,18Hs,17.6,234,4,0.8,-24.38 -65.1
JUJUY_AERO,27/ENE/2022,21Hs,16.8,252,7,0.4,-24.38 -65.1
JUJUY_AERO,28/ENE/2022,00Hs,16.5,257,6,0.4,-24.38 -65.1
JUJUY_AERO,28/ENE/2022,03Hs,16.3,241,4,1.1,-24.38 -65.1
JUJUY_AERO,28/ENE/2022,06Hs,16.1,246,3,0.8,-24.38 -65.1
JUJUY_AERO,28/ENE/2022,09Hs,16.3,221,1,0.2,-24.38 -65.1
JUJUY_AERO,28/ENE/2022,12Hs,16.9,0,1,0.4,-24.38 -65.1
JUJUY_AERO,28/ENE/2022,15Hs,18.1,331,3,0.2,-24.38 -65.1
JUJUY_AERO,28/ENE/2022,18Hs,20.7,337,4,0.1,-24.38 -65.1
JUJUY_AERO,28/ENE/2022,21Hs,17.7,262,2,0.2,-24.38 -65.1
JUJUY_AERO,29/ENE/2022,00Hs,17.5,267,5,0.5,-24.38 -65.1
JUJUY_AERO,29/ENE/2022,03Hs,16.8,265,5,0.5,-24.38 -65.1
JUJUY_AERO,29/ENE/2022,06Hs,16.2,266,6,0.0,-24.38 -65.1
JUJUY_AERO,29/ENE/2022,09Hs,19.8,114,1,0.0,-24.38 -65.1
JUJUY_AERO,29/ENE/2022,12Hs,25.2,77,9,0.0,-24.38 -65.1
JUJUY_AERO,29/ENE/2022,15Hs,27.2,79,5,0.0,-24.38 -65.1
JUJUY_AERO,29/ENE/2022,18Hs,24.5,319,4,0.0,-24.38 -65.1
JUJUY_AERO,29/ENE/2022,21Hs,20.5,264,6,0.0,-24.38 -65.1
JUJUY_AERO,30/ENE/2022,00Hs,19.1,265,7,0.0,-24.38 -65.1
JUJUY_AERO,30/ENE/2022,03Hs,17.6,261,7,0.0,-24.38 -65.1
JUJUY_AERO,30/ENE/2022,06Hs,17.0,266,7,0.0,-24.38 -65.1
JUJUY_AERO,30/ENE/2022,09Hs,23.2,243,1,0.0,-24.38 -65.1
JUJUY_AERO,30/ENE/2022,12Hs,27.4,85,10,0.0,-24.38 -65.1
JUJUY_AERO,30/ENE/2022,15Hs,30.1,77,10,0.0,-24.38 -65.1
JUJUY_AERO,30/ENE/2022,18Hs,26.6,5,2,0.0,-24.38 -65.1
JUJUY_AERO,30/ENE/2022,21Hs,20.1,268,8,0.0,-24.38 -65.1
JUJUY_AERO,31/ENE/2022,00Hs,17.4,266,10,1.9,-24.38 -65.1
JUJUY_AERO,31/ENE/2022,03Hs,17.5,275,8,0.6,-24.38 -65.1
JUJUY_AERO,31/ENE/2022,06Hs,17.4,287,7,0.0,-24.38 -65.1
JUJUY_AERO,31/ENE/2022,09Hs,23.5,234,4,0.0,-24.38 -65.1
JUJUY_AERO,31/ENE/2022,12Hs,28.9,79,8,0.2,-24.38 -65.1
JUJUY_AERO,31/ENE/2022,15Hs,28.7,157,2,0.0,-24.38 -65.1
JUJUY_AERO,31/ENE/2022,18Hs,18.2,241,7,3.2,-24.38 -65.1
JUJUY_AERO,31/ENE/2022,21Hs,17.2,253,5,9.2,-24.38 -65.1
JUJUY_U_N,27/ENE/2022,00Hs,19.3,247,6,0.2,-24.38 -65.1
JUJUY_U_N,27/ENE/2022,03Hs,17.7,259,7,2.1,-24.38 -65.1
JUJUY_U_N,27/ENE/2022,06Hs,17.9,206,2,11.5,-24.38 -65.1
JUJUY_U_N,27/ENE/2022,09Hs,17.6,212,5,14.8,-24.38 -65.1
JUJUY_U_N,27/ENE/2022,12Hs,17.5,264,6,15.9,-24.38 -65.1
JUJUY_U_N,27/ENE/2022,15Hs,18.1,255,2,1.9,-24.38 -65.1
JUJUY_U_N,27/ENE/2022,18Hs,17.6,234,4,0.8,-24.38 -65.1
JUJUY_U_N,27/ENE/2022,21Hs,16.8,252,7,0.4,-24.38 -65.1
JUJUY_U_N,28/ENE/2022,00Hs,16.5,257,6,0.4,-24.38 -65.1
JUJUY_U_N,28/ENE/2022,03Hs,16.3,241,4,1.1,-24.38 -65.1
JUJUY_U_N,28/ENE/2022,06Hs,16.1,246,3,0.8,-24.38 -65.1
JUJUY_U_N,28/ENE/2022,09Hs,16.3,221,1,0.2,-24.38 -65.1
JUJUY_U_N,28/ENE/2022,12Hs,16.9,0,1,0.4,-24.38 -65.1
JUJUY_U_N,28/ENE/2022,15Hs,18.1,331,3,0.2,-24.38 -65.1
JUJUY_U_N,28/ENE/2022,18Hs,20.7,337,4,0.1,-24.38 -65.1
JUJUY_U_N,28/ENE/2022,21Hs,17.7,262,2,0.2,-24.38 -65.1
JUJUY_U_N,29/ENE/2022,00Hs,17.5,267,5,0.5,-24.38 -65.1
JUJUY_U_N,29/ENE/2022,03Hs,16.8,265,5,0.5,-24.38 -65.1
JUJUY_U_N,29/ENE/2022,06Hs,16.2,266,6,0.0,-24.38 -65.1
JUJUY_U_N,29/ENE/2022,09Hs,19.8,114,1,0.0,-24.38 -65.1
JUJUY_U_N,29/ENE/2022,12Hs,25.2,77,9,0.0,-24.38 -65.1
JUJUY_U_N,29/ENE/2022,15Hs,27.2,79,5,0.0,-24.38 -65.1
JUJUY_U_N,29/ENE/2022,18Hs,24.5,319,4,0.0,-24.38 -65.1
JUJUY_U_N,29/ENE/2022,21Hs,20.5,264,6,0.0,-24.38 -65.1
JUJUY_U_N,30/ENE/2022,00Hs,19.1,265,7,0.0,-24.38 -65.1
JUJUY_U_N,30/ENE/2022,03Hs,17.6,261,7,0.0,-24.38 -65.1
JUJUY_U_N,30/ENE/2022,06Hs,17.0,266,7,0.0,-24.38 -65.1
JUJUY_U_N,30/ENE/2022,09Hs,23.2,243,1,0.0,-24.38 -65.1
JUJUY_U_N,30/ENE/2022,12Hs,27.4,85,10,0.0,-24.38 -65.1
JUJUY_U_N,30/ENE/2022,15Hs,30.1,77,10,0.0,-24.38 -65.1
JUJUY_U_N,30/ENE/2022,18Hs,26.6,5,2,0.0,-24.38 -65.1
JUJUY_U_N,30/ENE/2022,21Hs,20.1,268,8,0.0,-24.38 -65.1
JUJUY_U_N,31/ENE/2022,00Hs,17.4,266,10,1.9,-24.38 -65.1
JUJUY_U_N,31/ENE/2022,03Hs,17.5,275,8,0.6,-24.38 -65.1
JUJUY_U_N,31/ENE/2022,06Hs,17.4,287,7,0.0,-24.38 -65.1
JUJUY_U_N,31/ENE/2022,09Hs,23.5,234,4,0.0,-24.38 -65.1
JUJUY_U_N,31/ENE/2022,12Hs,28.9,79,8,0.2,-24.38 -65.1
JUJUY_U_N,31/ENE/2022,15Hs,28.7,157,2,0.0,-24.38 -65.1
JUJUY_U_N,31/ENE/2022,18Hs,18.2,241,7,3.2,-24.38 -65.1
JUJUY_U_N,31/ENE/2022,21Hs,17.2,253,5,9.2,-24.38 -65.1
JUNIN_AERO,27/ENE/2022,00Hs,16.4,132,24,0.0,-34.55 -60.93
JUNIN_AERO,27/ENE/2022,03Hs,13.1,147,18,0.0,-34.55 -60.93
JUNIN_AERO,27/ENE/2022,06Hs,11.2,141,19,0.0,-34.55 -60.93
JUNIN_AERO,27/ENE/2022,09Hs,14.9,122,22,0.0,-34.55 -60.93
JUNIN_AERO,27/ENE/2022,12Hs,20.2,131,18,0.0,-34.55 -60.93
JUNIN_AERO,27/ENE/2022,15Hs,23.0,143,18,0.0,-34.55 -60.93
JUNIN_AERO,27/ENE/2022,18Hs,22.1,128,16,0.0,-34.55 -60.93
JUNIN_AERO,27/ENE/2022,21Hs,15.6,132,13,0.0,-34.55 -60.93
JUNIN_AERO,28/ENE/2022,00Hs,13.0,99,11,0.0,-34.55 -60.93
JUNIN_AERO,28/ENE/2022,03Hs,11.4,49,11,0.0,-34.55 -60.93
JUNIN_AERO,28/ENE/2022,06Hs,10.6,55,11,0.0,-34.55 -60.93
JUNIN_AERO,28/ENE/2022,09Hs,17.2,55,15,0.0,-34.55 -60.93
JUNIN_AERO,28/ENE/2022,12Hs,23.0,54,12,0.0,-34.55 -60.93
JUNIN_AERO,28/ENE/2022,15Hs,26.4,70,10,0.0,-34.55 -60.93
JUNIN_AERO,28/ENE/2022,18Hs,26.4,83,12,0.0,-34.55 -60.93
JUNIN_AERO,28/ENE/2022,21Hs,18.2,85,13,0.0,-34.55 -60.93
JUNIN_AERO,29/ENE/2022,00Hs,15.2,70,14,0.0,-34.55 -60.93
JUNIN_AERO,29/ENE/2022,03Hs,13.6,40,12,0.0,-34.55 -60.93
JUNIN_AERO,29/ENE/2022,06Hs,12.9,33,12,0.0,-34.55 -60.93
JUNIN_AERO,29/ENE/2022,09Hs,20.2,21,15,0.0,-34.55 -60.93
JUNIN_AERO,29/ENE/2022,12Hs,27.3,9,13,0.0,-34.55 -60.93
JUNIN_AERO,29/ENE/2022,15Hs,30.4,13,11,0.0,-34.55 -60.93
JUNIN_AERO,29/ENE/2022,18Hs,30.6,23,8,0.0,-34.55 -60.93
JUNIN_AERO,29/ENE/2022,21Hs,22.4,83,9,0.0,-34.55 -60.93
JUNIN_AERO,30/ENE/2022,00Hs,18.9,34,14,0.0,-34.55 -60.93
JUNIN_AERO,30/ENE/2022,03Hs,17.2,14,12,0.0,-34.55 -60.93
JUNIN_AERO,30/ENE/2022,06Hs,16.1,16,11,0.0,-34.55 -60.93
JUNIN_AERO,30/ENE/2022,09Hs,22.9,10,16,0.0,-34.55 -60.93
JUNIN_AERO,30/ENE/2022,12Hs,30.2,354,16,0.0,-34.55 -60.93
JUNIN_AERO,30/ENE/2022,15Hs,33.5,322,12,0.0,-34.55 -60.93
JUNIN_AERO,30/ENE/2022,18Hs,32.9,290,9,0.0,-34.55 -60.93
JUNIN_AERO,30/ENE/2022,21Hs,25.0,264,4,0.0,-34.55 -60.93
JUNIN_AERO,31/ENE/2022,00Hs,19.6,227,10,0.3,-34.55 -60.93
JUNIN_AERO,31/ENE/2022,03Hs,18.4,286,4,0.9,-34.55 -60.93
JUNIN_AERO,31/ENE/2022,06Hs,16.5,168,10,0.6,-34.55 -60.93
JUNIN_AERO,31/ENE/2022,09Hs,19.4,165,21,0.0,-34.55 -60.93
JUNIN_AERO,31/ENE/2022,12Hs,26.0,156,21,0.0,-34.55 -60.93
JUNIN_AERO,31/ENE/2022,15Hs,29.2,166,17,0.0,-34.55 -60.93
JUNIN_AERO,31/ENE/2022,18Hs,28.0,158,16,0.0,-34.55 -60.93
JUNIN_AERO,31/ENE/2022,21Hs,19.4,147,14,0.0,-34.55 -60.93
LABOULAYE_AERO,27/ENE/2022,00Hs,19.1,122,21,0.0,-34.13 -63.37
LABOULAYE_AERO,27/ENE/2022,03Hs,16.5,115,22,0.0,-34.13 -63.37
LABOULAYE_AERO,27/ENE/2022,06Hs,13.1,114,15,0.0,-34.13 -63.37
LABOULAYE_AERO,27/ENE/2022,09Hs,15.5,94,19,0.0,-34.13 -63.37
LABOULAYE_AERO,27/ENE/2022,12Hs,21.1,89,14,0.0,-34.13 -63.37
LABOULAYE_AERO,27/ENE/2022,15Hs,24.4,88,15,0.0,-34.13 -63.37
LABOULAYE_AERO,27/ENE/2022,18Hs,24.3,87,17,0.0,-34.13 -63.37
LABOULAYE_AERO,27/ENE/2022,21Hs,18.1,78,14,0.0,-34.13 -63.37
LABOULAYE_AERO,28/ENE/2022,00Hs,15.3,67,14,0.0,-34.13 -63.37
LABOULAYE_AERO,28/ENE/2022,03Hs,13.6,55,13,0.0,-34.13 -63.37
LABOULAYE_AERO,28/ENE/2022,06Hs,12.4,49,14,0.0,-34.13 -63.37
LABOULAYE_AERO,28/ENE/2022,09Hs,17.8,28,22,0.0,-34.13 -63.37
LABOULAYE_AERO,28/ENE/2022,12Hs,24.3,26,20,0.0,-34.13 -63.37
LABOULAYE_AERO,28/ENE/2022,15Hs,28.1,33,18,0.0,-34.13 -63.37
LABOULAYE_AERO,28/ENE/2022,18Hs,28.2,36,18,0.0,-34.13 -63.37
LABOULAYE_AERO,28/ENE/2022,21Hs,21.5,61,16,0.0,-34.13 -63.37
LABOULAYE_AERO,29/ENE/2022,00Hs,18.4,35,15,0.0,-34.13 -63.37
LABOULAYE_AERO,29/ENE/2022,03Hs,16.9,14,13,0.0,-34.13 -63.37
LABOULAYE_AERO,29/ENE/2022,06Hs,16.1,25,17,0.0,-34.13 -63.37
LABOULAYE_AERO,29/ENE/2022,09Hs,21.2,9,23,0.0,-34.13 -63.37
LABOULAYE_AERO,29/ENE/2022,12Hs,27.8,10,21,0.0,-34.13 -63.37
LABOULAYE_AERO,29/ENE/2022,15Hs,31.6,22,18,0.0,-34.13 -63.37
LABOULAYE_AERO,29/ENE/2022,18Hs,31.7,32,18,0.0,-34.13 -63.37
LABOULAYE_AERO,29/ENE/2022,21Hs,24.4,43,18,0.0,-34.13 -63.37
LABOULAYE_AERO,30/ENE/2022,00Hs,20.6,23,15,0.0,-34.13 -63.37
LABOULAYE_AERO,30/ENE/2022,03Hs,18.7,3,14,0.0,-34.13 -63.37
LABOULAYE_AERO,30/ENE/2022,06Hs,17.7,4,15,0.0,-34.13 -63.37
LABOULAYE_AERO,30/ENE/2022,09Hs,23.3,356,22,0.0,-34.13 -63.37
LABOULAYE_AERO,30/ENE/2022,12Hs,30.2,299,14,0.0,-34.13 -63.37
LABOULAYE_AERO,30/ENE/2022,15Hs,33.5,270,11,0.0,-34.13 -63.37
LABOULAYE_AERO,30/ENE/2022,18Hs,28.4,279,29,2.0,-34.13 -63.37
LABOULAYE_AERO,30/ENE/2022,21Hs,20.6,195,3,14.0,-34.13 -63.37
LABOULAYE_AERO,31/ENE/2022,00Hs,19.4,209,13,0.8,-34.13 -63.37
LABOULAYE_AERO,31/ENE/2022,03Hs,17.7,198,13,0.7,-34.13 -63.37
LABOULAYE_AERO,31/ENE/2022,06Hs,14.6,197,15,0.0,-34.13 -63.37
LABOULAYE_AERO,31/ENE/2022,09Hs,18.9,176,18,0.0,-34.13 -63.37
LABOULAYE_AERO,31/ENE/2022,12Hs,25.5,163,17,0.0,-34.13 -63.37
LABOULAYE_AERO,31/ENE/2022,15Hs,28.7,153,9,0.0,-34.13 -63.37
LABOULAYE_AERO,31/ENE/2022,18Hs,29.1,146,3,0.0,-34.13 -63.37
LABOULAYE_AERO,31/ENE/2022,21Hs,21.9,188,12,0.0,-34.13 -63.37
LAS_FLORES_AERO,27/ENE/2022,00Hs,13.0,146,21,0.0,-36.03 -59.13
LAS_FLORES_AERO,27/ENE/2022,03Hs,10.4,168,12,0.0,-36.03 -59.13
LAS_FLORES_AERO,27/ENE/2022,06Hs,9.3,175,11,0.0,-36.03 -59.13
LAS_FLORES_AERO,27/ENE/2022,09Hs,14.8,148,20,0.0,-36.03 -59.13
LAS_FLORES_AERO,27/ENE/2022,12Hs,18.6,139,17,0.0,-36.03 -59.13
LAS_FLORES_AERO,27/ENE/2022,15Hs,21.0,131,12,0.0,-36.03 -59.13
LAS_FLORES_AERO,27/ENE/2022,18Hs,20.9,111,10,0.0,-36.03 -59.13
LAS_FLORES_AERO,27/ENE/2022,21Hs,15.5,32,4,0.0,-36.03 -59.13
LAS_FLORES_AERO,28/ENE/2022,00Hs,12.6,56,12,0.0,-36.03 -59.13
LAS_FLORES_AERO,28/ENE/2022,03Hs,11.0,42,9,0.0,-36.03 -59.13
LAS_FLORES_AERO,28/ENE/2022,06Hs,10.2,50,7,0.0,-36.03 -59.13
LAS_FLORES_AERO,28/ENE/2022,09Hs,16.1,35,8,0.0,-36.03 -59.13
LAS_FLORES_AERO,28/ENE/2022,12Hs,20.5,26,9,0.0,-36.03 -59.13
LAS_FLORES_AERO,28/ENE/2022,15Hs,22.9,26,9,0.0,-36.03 -59.13
LAS_FLORES_AERO,28/ENE/2022,18Hs,22.9,62,7,0.0,-36.03 -59.13
LAS_FLORES_AERO,28/ENE/2022,21Hs,17.0,90,8,0.0,-36.03 -59.13
LAS_FLORES_AERO,29/ENE/2022,00Hs,14.3,41,12,0.0,-36.03 -59.13
LAS_FLORES_AERO,29/ENE/2022,03Hs,12.8,22,11,0.0,-36.03 -59.13
LAS_FLORES_AERO,29/ENE/2022,06Hs,12.5,23,10,0.0,-36.03 -59.13
LAS_FLORES_AERO,29/ENE/2022,09Hs,19.0,358,15,0.0,-36.03 -59.13
LAS_FLORES_AERO,29/ENE/2022,12Hs,24.1,342,14,0.0,-36.03 -59.13
LAS_FLORES_AERO,29/ENE/2022,15Hs,26.3,350,13,0.0,-36.03 -59.13
LAS_FLORES_AERO,29/ENE/2022,18Hs,26.1,356,8,0.0,-36.03 -59.13
LAS_FLORES_AERO,29/ENE/2022,21Hs,20.1,48,11,0.0,-36.03 -59.13
LAS_FLORES_AERO,30/ENE/2022,00Hs,17.1,34,14,0.0,-36.03 -59.13
LAS_FLORES_AERO,30/ENE/2022,03Hs,15.8,29,12,0.0,-36.03 -59.13
LAS_FLORES_AERO,30/ENE/2022,06Hs,15.6,6,13,0.0,-36.03 -59.13
LAS_FLORES_AERO,30/ENE/2022,09Hs,20.8,352,20,0.0,-36.03 -59.13
LAS_FLORES_AERO,30/ENE/2022,12Hs,26.1,345,20,0.0,-36.03 -59.13
LAS_FLORES_AERO,30/ENE/2022,15Hs,28.8,341,18,0.0,-36.03 -59.13
LAS_FLORES_AERO,30/ENE/2022,18Hs,28.3,346,11,0.0,-36.03 -59.13
LAS_FLORES_AERO,30/ENE/2022,21Hs,21.9,17,10,0.0,-36.03 -59.13
LAS_FLORES_AERO,31/ENE/2022,00Hs,18.3,318,14,1.2,-36.03 -59.13
LAS_FLORES_AERO,31/ENE/2022,03Hs,16.7,233,11,1.4,-36.03 -59.13
LAS_FLORES_AERO,31/ENE/2022,06Hs,15.3,168,21,0.0,-36.03 -59.13
LAS_FLORES_AERO,31/ENE/2022,09Hs,17.8,153,25,0.0,-36.03 -59.13
LAS_FLORES_AERO,31/ENE/2022,12Hs,22.1,153,21,0.0,-36.03 -59.13
LAS_FLORES_AERO,31/ENE/2022,15Hs,23.6,164,13,0.0,-36.03 -59.13
LAS_FLORES_AERO,31/ENE/2022,18Hs,23.4,164,8,0.0,-36.03 -59.13
LAS_FLORES_AERO,31/ENE/2022,21Hs,17.3,132,8,0.0,-36.03 -59.13
LAS_LOMITAS,27/ENE/2022,00Hs,24.7,124,12,1.2,-36.03 -59.13
LAS_LOMITAS,27/ENE/2022,03Hs,25.9,139,11,0.0,-36.03 -59.13
LAS_LOMITAS,27/ENE/2022,06Hs,23.3,171,13,1.2,-36.03 -59.13
LAS_LOMITAS,27/ENE/2022,09Hs,22.5,185,12,6.9,-36.03 -59.13
LAS_LOMITAS,27/ENE/2022,12Hs,24.2,186,7,1.4,-36.03 -59.13
LAS_LOMITAS,27/ENE/2022,15Hs,27.7,178,13,0.9,-36.03 -59.13
LAS_LOMITAS,27/ENE/2022,18Hs,26.8,195,14,0.6,-36.03 -59.13
LAS_LOMITAS,27/ENE/2022,21Hs,23.4,197,13,0.4,-36.03 -59.13
LAS_LOMITAS,28/ENE/2022,00Hs,23.4,206,9,0.0,-36.03 -59.13
LAS_LOMITAS,28/ENE/2022,03Hs,22.1,189,9,0.0,-36.03 -59.13
LAS_LOMITAS,28/ENE/2022,06Hs,22.5,200,11,0.0,-36.03 -59.13
LAS_LOMITAS,28/ENE/2022,09Hs,23.1,178,12,0.0,-36.03 -59.13
LAS_LOMITAS,28/ENE/2022,12Hs,30.7,170,12,0.0,-36.03 -59.13
LAS_LOMITAS,28/ENE/2022,15Hs,35.8,176,15,0.0,-36.03 -59.13
LAS_LOMITAS,28/ENE/2022,18Hs,35.3,174,15,0.0,-36.03 -59.13
LAS_LOMITAS,28/ENE/2022,21Hs,26.7,179,10,0.0,-36.03 -59.13
LAS_LOMITAS,29/ENE/2022,00Hs,23.4,140,8,0.0,-36.03 -59.13
LAS_LOMITAS,29/ENE/2022,03Hs,20.6,205,7,0.0,-36.03 -59.13
LAS_LOMITAS,29/ENE/2022,06Hs,18.6,175,8,0.0,-36.03 -59.13
LAS_LOMITAS,29/ENE/2022,09Hs,26.5,149,10,0.0,-36.03 -59.13
LAS_LOMITAS,29/ENE/2022,12Hs,34.9,164,12,0.0,-36.03 -59.13
LAS_LOMITAS,29/ENE/2022,15Hs,37.9,173,12,0.0,-36.03 -59.13
LAS_LOMITAS,29/ENE/2022,18Hs,37.4,166,13,0.0,-36.03 -59.13
LAS_LOMITAS,29/ENE/2022,21Hs,27.7,166,9,0.0,-36.03 -59.13
LAS_LOMITAS,30/ENE/2022,00Hs,24.5,143,7,0.0,-36.03 -59.13
LAS_LOMITAS,30/ENE/2022,03Hs,23.1,114,8,0.0,-36.03 -59.13
LAS_LOMITAS,30/ENE/2022,06Hs,21.1,63,6,0.0,-36.03 -59.13
LAS_LOMITAS,30/ENE/2022,09Hs,28.8,39,12,0.0,-36.03 -59.13
LAS_LOMITAS,30/ENE/2022,12Hs,38.0,58,9,0.0,-36.03 -59.13
LAS_LOMITAS,30/ENE/2022,15Hs,41.7,157,7,0.0,-36.03 -59.13
LAS_LOMITAS,30/ENE/2022,18Hs,40.3,187,10,0.0,-36.03 -59.13
LAS_LOMITAS,30/ENE/2022,21Hs,32.0,79,9,0.0,-36.03 -59.13
LAS_LOMITAS,31/ENE/2022,00Hs,28.1,41,10,0.0,-36.03 -59.13
LAS_LOMITAS,31/ENE/2022,03Hs,30.4,35,14,0.0,-36.03 -59.13
LAS_LOMITAS,31/ENE/2022,06Hs,29.0,38,15,0.0,-36.03 -59.13
LAS_LOMITAS,31/ENE/2022,09Hs,31.5,20,18,0.0,-36.03 -59.13
LAS_LOMITAS,31/ENE/2022,12Hs,38.9,353,16,0.0,-36.03 -59.13
LAS_LOMITAS,31/ENE/2022,15Hs,25.0,268,12,3.7,-36.03 -59.13
LAS_LOMITAS,31/ENE/2022,18Hs,21.3,197,19,9.7,-36.03 -59.13
LAS_LOMITAS,31/ENE/2022,21Hs,20.3,112,18,9.9,-36.03 -59.13
LA_PLATA_AERO,27/ENE/2022,00Hs,14.4,161,18,0.0,-38.72 -62.17
LA_PLATA_AERO,27/ENE/2022,03Hs,12.7,171,17,0.0,-38.72 -62.17
LA_PLATA_AERO,27/ENE/2022,06Hs,11.4,172,14,0.0,-38.72 -62.17
LA_PLATA_AERO,27/ENE/2022,09Hs,15.3,157,19,0.0,-38.72 -62.17
LA_PLATA_AERO,27/ENE/2022,12Hs,19.7,146,15,0.0,-38.72 -62.17
LA_PLATA_AERO,27/ENE/2022,15Hs,22.0,130,13,0.0,-38.72 -62.17
LA_PLATA_AERO,27/ENE/2022,18Hs,20.5,99,17,0.0,-38.72 -62.17
LA_PLATA_AERO,27/ENE/2022,21Hs,15.8,105,11,0.0,-38.72 -62.17
LA_PLATA_AERO,28/ENE/2022,00Hs,14.4,110,9,0.0,-38.72 -62.17
LA_PLATA_AERO,28/ENE/2022,03Hs,13.5,120,8,0.0,-38.72 -62.17
LA_PLATA_AERO,28/ENE/2022,06Hs,13.0,126,7,0.0,-38.72 -62.17
LA_PLATA_AERO,28/ENE/2022,09Hs,18.2,102,7,0.0,-38.72 -62.17
LA_PLATA_AERO,28/ENE/2022,12Hs,22.6,66,9,0.0,-38.72 -62.17
LA_PLATA_AERO,28/ENE/2022,15Hs,23.9,57,13,0.0,-38.72 -62.17
LA_PLATA_AERO,28/ENE/2022,18Hs,22.2,73,13,0.0,-38.72 -62.17
LA_PLATA_AERO,28/ENE/2022,21Hs,17.3,80,9,0.0,-38.72 -62.17
LA_PLATA_AERO,29/ENE/2022,00Hs,16.9,86,9,0.0,-38.72 -62.17
LA_PLATA_AERO,29/ENE/2022,03Hs,17.0,54,8,0.0,-38.72 -62.17
LA_PLATA_AERO,29/ENE/2022,06Hs,16.7,25,8,0.0,-38.72 -62.17
LA_PLATA_AERO,29/ENE/2022,09Hs,21.2,4,14,0.0,-38.72 -62.17
LA_PLATA_AERO,29/ENE/2022,12Hs,25.4,356,14,0.0,-38.72 -62.17
LA_PLATA_AERO,29/ENE/2022,15Hs,27.4,3,11,0.0,-38.72 -62.17
LA_PLATA_AERO,29/ENE/2022,18Hs,26.4,40,9,0.0,-38.72 -62.17
LA_PLATA_AERO,29/ENE/2022,21Hs,20.8,79,12,0.0,-38.72 -62.17
LA_PLATA_AERO,30/ENE/2022,00Hs,20.0,70,9,0.0,-38.72 -62.17
LA_PLATA_AERO,30/ENE/2022,03Hs,19.9,29,11,0.0,-38.72 -62.17
LA_PLATA_AERO,30/ENE/2022,06Hs,19.4,23,14,0.0,-38.72 -62.17
LA_PLATA_AERO,30/ENE/2022,09Hs,22.7,4,16,0.0,-38.72 -62.17
LA_PLATA_AERO,30/ENE/2022,12Hs,27.1,352,15,0.0,-38.72 -62.17
LA_PLATA_AERO,30/ENE/2022,15Hs,29.7,356,15,0.0,-38.72 -62.17
LA_PLATA_AERO,30/ENE/2022,18Hs,28.9,13,12,0.0,-38.72 -62.17
LA_PLATA_AERO,30/ENE/2022,21Hs,23.1,67,10,0.0,-38.72 -62.17
LA_PLATA_AERO,31/ENE/2022,00Hs,22.8,27,9,0.0,-38.72 -62.17
LA_PLATA_AERO,31/ENE/2022,03Hs,21.3,8,11,0.1,-38.72 -62.17
LA_PLATA_AERO,31/ENE/2022,06Hs,19.7,282,8,0.2,-38.72 -62.17
LA_PLATA_AERO,31/ENE/2022,09Hs,22.4,187,16,0.2,-38.72 -62.17
LA_PLATA_AERO,31/ENE/2022,12Hs,25.8,164,18,0.0,-38.72 -62.17
LA_PLATA_AERO,31/ENE/2022,15Hs,28.0,167,15,0.0,-38.72 -62.17
LA_PLATA_AERO,31/ENE/2022,18Hs,25.0,103,15,0.0,-38.72 -62.17
LA_PLATA_AERO,31/ENE/2022,21Hs,19.2,108,13,0.0,-38.72 -62.17
LA_QUIACA_OBS,27/ENE/2022,00Hs,10.2,44,14,0.0,-38.72 -62.17
LA_QUIACA_OBS,27/ENE/2022,03Hs,9.1,16,8,0.0,-38.72 -62.17
LA_QUIACA_OBS,27/ENE/2022,06Hs,7.9,111,11,2.9,-38.72 -62.17
LA_QUIACA_OBS,27/ENE/2022,09Hs,6.6,72,9,2.9,-38.72 -62.17
LA_QUIACA_OBS,27/ENE/2022,12Hs,7.9,135,11,6.1,-38.72 -62.17
LA_QUIACA_OBS,27/ENE/2022,15Hs,12.5,92,11,0.4,-38.72 -62.17
LA_QUIACA_OBS,27/ENE/2022,18Hs,12.1,127,6,0.0,-38.72 -62.17
LA_QUIACA_OBS,27/ENE/2022,21Hs,10.7,96,7,0.0,-38.72 -62.17
LA_QUIACA_OBS,28/ENE/2022,00Hs,9.0,97,6,0.0,-38.72 -62.17
LA_QUIACA_OBS,28/ENE/2022,03Hs,8.9,39,11,0.0,-38.72 -62.17
LA_QUIACA_OBS,28/ENE/2022,06Hs,8.0,32,12,0.0,-38.72 -62.17
LA_QUIACA_OBS,28/ENE/2022,09Hs,8.6,31,9,0.0,-38.72 -62.17
LA_QUIACA_OBS,28/ENE/2022,12Hs,13.1,11,10,0.0,-38.72 -62.17
LA_QUIACA_OBS,28/ENE/2022,15Hs,15.7,27,16,0.0,-38.72 -62.17
LA_QUIACA_OBS,28/ENE/2022,18Hs,16.7,26,20,0.2,-38.72 -62.17
LA_QUIACA_OBS,28/ENE/2022,21Hs,11.8,48,23,1.8,-38.72 -62.17
LA_QUIACA_OBS,29/ENE/2022,00Hs,9.6,51,21,0.2,-38.72 -62.17
LA_QUIACA_OBS,29/ENE/2022,03Hs,9.6,73,7,0.6,-38.72 -62.17
LA_QUIACA_OBS,29/ENE/2022,06Hs,8.3,31,10,2.7,-38.72 -62.17
LA_QUIACA_OBS,29/ENE/2022,09Hs,9.5,4,6,0.2,-38.72 -62.17
LA_QUIACA_OBS,29/ENE/2022,12Hs,14.1,26,9,0.2,-38.72 -62.17
LA_QUIACA_OBS,29/ENE/2022,15Hs,18.0,43,25,0.1,-38.72 -62.17
LA_QUIACA_OBS,29/ENE/2022,18Hs,15.9,37,25,0.0,-38.72 -62.17
LA_QUIACA_OBS,29/ENE/2022,21Hs,11.7,55,20,0.2,-38.72 -62.17
LA_QUIACA_OBS,30/ENE/2022,00Hs,9.4,27,18,0.1,-38.72 -62.17
LA_QUIACA_OBS,30/ENE/2022,03Hs,8.6,21,16,0.0,-38.72 -62.17
LA_QUIACA_OBS,30/ENE/2022,06Hs,8.3,18,14,0.0,-38.72 -62.17
LA_QUIACA_OBS,30/ENE/2022,09Hs,9.1,23,13,0.0,-38.72 -62.17
LA_QUIACA_OBS,30/ENE/2022,12Hs,14.2,10,12,0.0,-38.72 -62.17
LA_QUIACA_OBS,30/ENE/2022,15Hs,18.3,31,18,0.0,-38.72 -62.17
LA_QUIACA_OBS,30/ENE/2022,18Hs,13.1,55,25,0.9,-38.72 -62.17
LA_QUIACA_OBS,30/ENE/2022,21Hs,12.0,69,22,0.8,-38.72 -62.17
LA_QUIACA_OBS,31/ENE/2022,00Hs,8.7,342,13,6.6,-38.72 -62.17
LA_QUIACA_OBS,31/ENE/2022,03Hs,7.5,343,10,2.5,-38.72 -62.17
LA_QUIACA_OBS,31/ENE/2022,06Hs,8.0,39,9,0.0,-38.72 -62.17
LA_QUIACA_OBS,31/ENE/2022,09Hs,8.6,24,16,0.2,-38.72 -62.17
LA_QUIACA_OBS,31/ENE/2022,12Hs,12.7,28,22,0.0,-38.72 -62.17
LA_QUIACA_OBS,31/ENE/2022,15Hs,15.2,44,27,1.4,-38.72 -62.17
LA_QUIACA_OBS,31/ENE/2022,18Hs,12.5,32,26,2.1,-38.72 -62.17
LA_QUIACA_OBS,31/ENE/2022,21Hs,10.4,67,22,1.6,-38.72 -62.17
LA_RIOJA_AERO,27/ENE/2022,00Hs,24.6,100,25,2.0,-38.72 -62.17
LA_RIOJA_AERO,27/ENE/2022,03Hs,22.9,116,25,3.0,-38.72 -62.17
LA_RIOJA_AERO,27/ENE/2022,06Hs,22.0,151,14,6.1,-38.72 -62.17
LA_RIOJA_AERO,27/ENE/2022,09Hs,21.0,114,13,6.4,-38.72 -62.17
LA_RIOJA_AERO,27/ENE/2022,12Hs,20.8,198,1,4.9,-38.72 -62.17
LA_RIOJA_AERO,27/ENE/2022,15Hs,22.0,157,10,7.5,-38.72 -62.17
LA_RIOJA_AERO,27/ENE/2022,18Hs,21.2,102,7,1.9,-38.72 -62.17
LA_RIOJA_AERO,27/ENE/2022,21Hs,21.2,271,8,1.2,-38.72 -62.17
LA_RIOJA_AERO,28/ENE/2022,00Hs,21.2,163,4,0.0,-38.72 -62.17
LA_RIOJA_AERO,28/ENE/2022,03Hs,20.9,103,13,0.0,-38.72 -62.17
LA_RIOJA_AERO,28/ENE/2022,06Hs,19.7,62,10,0.0,-38.72 -62.17
LA_RIOJA_AERO,28/ENE/2022,09Hs,20.6,57,5,0.0,-38.72 -62.17
LA_RIOJA_AERO,28/ENE/2022,12Hs,24.8,17,6,0.0,-38.72 -62.17
LA_RIOJA_AERO,28/ENE/2022,15Hs,28.7,53,11,0.0,-38.72 -62.17
LA_RIOJA_AERO,28/ENE/2022,18Hs,30.1,65,11,0.0,-38.72 -62.17
LA_RIOJA_AERO,28/ENE/2022,21Hs,27.7,88,16,0.0,-38.72 -62.17
LA_RIOJA_AERO,29/ENE/2022,00Hs,25.4,61,16,0.0,-38.72 -62.17
LA_RIOJA_AERO,29/ENE/2022,03Hs,23.9,42,4,0.0,-38.72 -62.17
LA_RIOJA_AERO,29/ENE/2022,06Hs,22.7,158,7,0.0,-38.72 -62.17
LA_RIOJA_AERO,29/ENE/2022,09Hs,24.2,141,2,0.0,-38.72 -62.17
LA_RIOJA_AERO,29/ENE/2022,12Hs,28.1,75,6,0.0,-38.72 -62.17
LA_RIOJA_AERO,29/ENE/2022,15Hs,31.6,89,10,0.0,-38.72 -62.17
LA_RIOJA_AERO,29/ENE/2022,18Hs,32.8,100,14,0.0,-38.72 -62.17
LA_RIOJA_AERO,29/ENE/2022,21Hs,29.3,95,26,0.0,-38.72 -62.17
LA_RIOJA_AERO,30/ENE/2022,00Hs,27.4,43,13,0.0,-38.72 -62.17
LA_RIOJA_AERO,30/ENE/2022,03Hs,25.9,245,3,0.0,-38.72 -62.17
LA_RIOJA_AERO,30/ENE/2022,06Hs,24.1,157,12,0.0,-38.72 -62.17
LA_RIOJA_AERO,30/ENE/2022,09Hs,25.6,204,8,0.0,-38.72 -62.17
LA_RIOJA_AERO,30/ENE/2022,12Hs,30.3,141,5,0.0,-38.72 -62.17
LA_RIOJA_AERO,30/ENE/2022,15Hs,34.0,109,12,0.0,-38.72 -62.17
LA_RIOJA_AERO,30/ENE/2022,18Hs,35.4,103,13,0.0,-38.72 -62.17
LA_RIOJA_AERO,30/ENE/2022,21Hs,31.6,96,25,0.0,-38.72 -62.17
LA_RIOJA_AERO,31/ENE/2022,00Hs,29.1,352,6,0.0,-38.72 -62.17
LA_RIOJA_AERO,31/ENE/2022,03Hs,27.9,189,9,0.0,-38.72 -62.17
LA_RIOJA_AERO,31/ENE/2022,06Hs,23.6,161,16,0.7,-38.72 -62.17
LA_RIOJA_AERO,31/ENE/2022,09Hs,23.3,201,22,1.3,-38.72 -62.17
LA_RIOJA_AERO,31/ENE/2022,12Hs,28.6,148,9,0.2,-38.72 -62.17
LA_RIOJA_AERO,31/ENE/2022,15Hs,32.0,65,9,0.0,-38.72 -62.17
LA_RIOJA_AERO,31/ENE/2022,18Hs,32.8,48,18,0.0,-38.72 -62.17
LA_RIOJA_AERO,31/ENE/2022,21Hs,29.1,20,16,0.0,-38.72 -62.17
MALARGUE_AERO,27/ENE/2022,00Hs,15.6,162,15,4.2,-35.48 -69.58
MALARGUE_AERO,27/ENE/2022,03Hs,14.7,294,18,0.9,-35.48 -69.58
MALARGUE_AERO,27/ENE/2022,06Hs,13.9,328,19,0.9,-35.48 -69.58
MALARGUE_AERO,27/ENE/2022,09Hs,14.7,346,17,0.0,-35.48 -69.58
MALARGUE_AERO,27/ENE/2022,12Hs,18.5,7,28,0.0,-35.48 -69.58
MALARGUE_AERO,27/ENE/2022,15Hs,20.7,359,33,0.0,-35.48 -69.58
MALARGUE_AERO,27/ENE/2022,18Hs,20.8,1,35,0.0,-35.48 -69.58
MALARGUE_AERO,27/ENE/2022,21Hs,18.9,5,28,0.0,-35.48 -69.58
MALARGUE_AERO,28/ENE/2022,00Hs,17.2,348,19,0.0,-35.48 -69.58
MALARGUE_AERO,28/ENE/2022,03Hs,16.4,329,10,0.0,-35.48 -69.58
MALARGUE_AERO,28/ENE/2022,06Hs,15.3,320,7,0.0,-35.48 -69.58
MALARGUE_AERO,28/ENE/2022,09Hs,16.7,333,6,0.0,-35.48 -69.58
MALARGUE_AERO,28/ENE/2022,12Hs,21.1,15,8,0.0,-35.48 -69.58
MALARGUE_AERO,28/ENE/2022,15Hs,25.4,30,10,0.0,-35.48 -69.58
MALARGUE_AERO,28/ENE/2022,18Hs,27.3,347,18,0.0,-35.48 -69.58
MALARGUE_AERO,28/ENE/2022,21Hs,21.9,160,26,1.8,-35.48 -69.58
MALARGUE_AERO,29/ENE/2022,00Hs,18.6,154,11,0.0,-35.48 -69.58
MALARGUE_AERO,29/ENE/2022,03Hs,18.4,292,4,0.0,-35.48 -69.58
MALARGUE_AERO,29/ENE/2022,06Hs,17.3,320,8,0.0,-35.48 -69.58
MALARGUE_AERO,29/ENE/2022,09Hs,19.4,38,3,0.0,-35.48 -69.58
MALARGUE_AERO,29/ENE/2022,12Hs,23.3,16,6,0.0,-35.48 -69.58
MALARGUE_AERO,29/ENE/2022,15Hs,26.7,23,17,0.0,-35.48 -69.58
MALARGUE_AERO,29/ENE/2022,18Hs,28.3,21,14,0.0,-35.48 -69.58
MALARGUE_AERO,29/ENE/2022,21Hs,23.5,236,42,0.0,-35.48 -69.58
MALARGUE_AERO,30/ENE/2022,00Hs,18.6,346,19,0.0,-35.48 -69.58
MALARGUE_AERO,30/ENE/2022,03Hs,18.4,249,5,0.0,-35.48 -69.58
MALARGUE_AERO,30/ENE/2022,06Hs,17.0,267,2,0.0,-35.48 -69.58
MALARGUE_AERO,30/ENE/2022,09Hs,18.5,297,10,0.0,-35.48 -69.58
MALARGUE_AERO,30/ENE/2022,12Hs,22.5,327,17,0.0,-35.48 -69.58
MALARGUE_AERO,30/ENE/2022,15Hs,26.8,323,15,0.0,-35.48 -69.58
MALARGUE_AERO,30/ENE/2022,18Hs,26.3,250,43,0.0,-35.48 -69.58
MALARGUE_AERO,30/ENE/2022,21Hs,22.0,235,34,0.0,-35.48 -69.58
MALARGUE_AERO,31/ENE/2022,00Hs,19.3,173,20,0.0,-35.48 -69.58
MALARGUE_AERO,31/ENE/2022,03Hs,15.2,163,16,0.0,-35.48 -69.58
MALARGUE_AERO,31/ENE/2022,06Hs,13.7,152,9,0.0,-35.48 -69.58
MALARGUE_AERO,31/ENE/2022,09Hs,15.2,331,21,0.0,-35.48 -69.58
MALARGUE_AERO,31/ENE/2022,12Hs,19.1,360,18,0.0,-35.48 -69.58
MALARGUE_AERO,31/ENE/2022,15Hs,23.6,12,18,0.0,-35.48 -69.58
MALARGUE_AERO,31/ENE/2022,18Hs,25.6,25,25,0.0,-35.48 -69.58
MALARGUE_AERO,31/ENE/2022,21Hs,22.4,29,20,0.0,-35.48 -69.58
MAQUINCHAO,27/ENE/2022,00Hs,17.9,20,28,0.0,-41.25 -68.7
MAQUINCHAO,27/ENE/2022,03Hs,14.0,37,26,0.0,-41.25 -68.7
MAQUINCHAO,27/ENE/2022,06Hs,11.9,36,16,0.0,-41.25 -68.7
MAQUINCHAO,27/ENE/2022,09Hs,15.3,8,21,0.0,-41.25 -68.7
MAQUINCHAO,27/ENE/2022,12Hs,21.3,4,26,0.0,-41.25 -68.7
MAQUINCHAO,27/ENE/2022,15Hs,24.8,358,33,0.0,-41.25 -68.7
MAQUINCHAO,27/ENE/2022,18Hs,25.8,356,33,0.0,-41.25 -68.7
MAQUINCHAO,27/ENE/2022,21Hs,23.9,355,31,0.0,-41.25 -68.7
MAQUINCHAO,28/ENE/2022,00Hs,21.3,358,32,0.0,-41.25 -68.7
MAQUINCHAO,28/ENE/2022,03Hs,19.4,349,30,0.0,-41.25 -68.7
MAQUINCHAO,28/ENE/2022,06Hs,17.2,2,15,0.0,-41.25 -68.7
MAQUINCHAO,28/ENE/2022,09Hs,20.2,325,11,0.0,-41.25 -68.7
MAQUINCHAO,28/ENE/2022,12Hs,25.4,323,9,0.0,-41.25 -68.7
MAQUINCHAO,28/ENE/2022,15Hs,29.6,287,9,0.0,-41.25 -68.7
MAQUINCHAO,28/ENE/2022,18Hs,30.5,257,25,0.0,-41.25 -68.7
MAQUINCHAO,28/ENE/2022,21Hs,28.0,264,24,0.0,-41.25 -68.7
MAQUINCHAO,29/ENE/2022,00Hs,24.7,247,30,0.0,-41.25 -68.7
MAQUINCHAO,29/ENE/2022,03Hs,22.1,237,28,0.0,-41.25 -68.7
MAQUINCHAO,29/ENE/2022,06Hs,19.8,240,27,0.0,-41.25 -68.7
MAQUINCHAO,29/ENE/2022,09Hs,22.0,230,26,0.0,-41.25 -68.7
MAQUINCHAO,29/ENE/2022,12Hs,26.0,240,25,0.0,-41.25 -68.7
MAQUINCHAO,29/ENE/2022,15Hs,28.3,253,28,0.0,-41.25 -68.7
MAQUINCHAO,29/ENE/2022,18Hs,27.8,264,40,0.0,-41.25 -68.7
MAQUINCHAO,29/ENE/2022,21Hs,23.1,265,42,0.0,-41.25 -68.7
MAQUINCHAO,30/ENE/2022,00Hs,18.7,254,43,0.0,-41.25 -68.7
MAQUINCHAO,30/ENE/2022,03Hs,16.6,256,33,0.0,-41.25 -68.7
MAQUINCHAO,30/ENE/2022,06Hs,13.5,256,43,0.0,-41.25 -68.7
MAQUINCHAO,30/ENE/2022,09Hs,14.5,258,40,0.0,-41.25 -68.7
MAQUINCHAO,30/ENE/2022,12Hs,16.9,236,37,0.0,-41.25 -68.7
MAQUINCHAO,30/ENE/2022,15Hs,18.5,221,32,0.0,-41.25 -68.7
MAQUINCHAO,30/ENE/2022,18Hs,19.7,238,36,0.0,-41.25 -68.7
MAQUINCHAO,30/ENE/2022,21Hs,14.6,204,40,0.0,-41.25 -68.7
MAQUINCHAO,31/ENE/2022,00Hs,12.5,203,25,0.0,-41.25 -68.7
MAQUINCHAO,31/ENE/2022,03Hs,10.5,231,10,0.0,-41.25 -68.7
MAQUINCHAO,31/ENE/2022,06Hs,9.4,282,11,0.0,-41.25 -68.7
MAQUINCHAO,31/ENE/2022,09Hs,11.5,272,16,0.0,-41.25 -68.7
MAQUINCHAO,31/ENE/2022,12Hs,17.1,240,28,0.0,-41.25 -68.7
MAQUINCHAO,31/ENE/2022,15Hs,21.7,238,33,0.0,-41.25 -68.7
MAQUINCHAO,31/ENE/2022,18Hs,23.4,224,36,0.0,-41.25 -68.7
MAQUINCHAO,31/ENE/2022,21Hs,21.1,216,27,0.0,-41.25 -68.7
MARCOS_JUAREZ_AERO,27/ENE/2022,00Hs,20.9,133,23,0.0,-32.68 -62.15
MARCOS_JUAREZ_AERO,27/ENE/2022,03Hs,17.8,140,23,0.0,-32.68 -62.15
MARCOS_JUAREZ_AERO,27/ENE/2022,06Hs,14.5,137,21,0.0,-32.68 -62.15
MARCOS_JUAREZ_AERO,27/ENE/2022,09Hs,16.2,128,21,0.0,-32.68 -62.15
MARCOS_JUAREZ_AERO,27/ENE/2022,12Hs,21.9,137,17,0.0,-32.68 -62.15
MARCOS_JUAREZ_AERO,27/ENE/2022,15Hs,24.8,137,17,0.0,-32.68 -62.15
MARCOS_JUAREZ_AERO,27/ENE/2022,18Hs,24.2,131,13,0.0,-32.68 -62.15
MARCOS_JUAREZ_AERO,27/ENE/2022,21Hs,18.7,136,11,0.0,-32.68 -62.15
MARCOS_JUAREZ_AERO,28/ENE/2022,00Hs,16.2,113,10,0.0,-32.68 -62.15
MARCOS_JUAREZ_AERO,28/ENE/2022,03Hs,14.3,89,11,0.0,-32.68 -62.15
MARCOS_JUAREZ_AERO,28/ENE/2022,06Hs,12.8,75,10,0.0,-32.68 -62.15
MARCOS_JUAREZ_AERO,28/ENE/2022,09Hs,18.3,63,14,0.0,-32.68 -62.15
MARCOS_JUAREZ_AERO,28/ENE/2022,12Hs,24.3,53,11,0.0,-32.68 -62.15
MARCOS_JUAREZ_AERO,28/ENE/2022,15Hs,27.9,60,12,0.0,-32.68 -62.15
MARCOS_JUAREZ_AERO,28/ENE/2022,18Hs,27.5,59,14,0.0,-32.68 -62.15
MARCOS_JUAREZ_AERO,28/ENE/2022,21Hs,20.0,50,12,0.0,-32.68 -62.15
MARCOS_JUAREZ_AERO,29/ENE/2022,00Hs,18.0,26,10,0.0,-32.68 -62.15
MARCOS_JUAREZ_AERO,29/ENE/2022,03Hs,16.2,40,8,0.0,-32.68 -62.15
MARCOS_JUAREZ_AERO,29/ENE/2022,06Hs,15.3,50,9,0.0,-32.68 -62.15
MARCOS_JUAREZ_AERO,29/ENE/2022,09Hs,21.6,34,14,0.0,-32.68 -62.15
MARCOS_JUAREZ_AERO,29/ENE/2022,12Hs,27.8,19,17,0.0,-32.68 -62.15
MARCOS_JUAREZ_AERO,29/ENE/2022,15Hs,31.0,26,15,0.0,-32.68 -62.15
MARCOS_JUAREZ_AERO,29/ENE/2022,18Hs,30.0,32,16,0.0,-32.68 -62.15
MARCOS_JUAREZ_AERO,29/ENE/2022,21Hs,22.2,40,13,0.0,-32.68 -62.15
MARCOS_JUAREZ_AERO,30/ENE/2022,00Hs,20.0,27,9,0.0,-32.68 -62.15
MARCOS_JUAREZ_AERO,30/ENE/2022,03Hs,18.7,22,11,0.0,-32.68 -62.15
MARCOS_JUAREZ_AERO,30/ENE/2022,06Hs,17.3,35,9,0.0,-32.68 -62.15
MARCOS_JUAREZ_AERO,30/ENE/2022,09Hs,23.9,24,13,0.0,-32.68 -62.15
MARCOS_JUAREZ_AERO,30/ENE/2022,12Hs,31.1,2,15,0.0,-32.68 -62.15
MARCOS_JUAREZ_AERO,30/ENE/2022,15Hs,34.1,0,15,0.0,-32.68 -62.15
MARCOS_JUAREZ_AERO,30/ENE/2022,18Hs,33.3,11,15,0.0,-32.68 -62.15
MARCOS_JUAREZ_AERO,30/ENE/2022,21Hs,25.2,28,13,0.0,-32.68 -62.15
MARCOS_JUAREZ_AERO,31/ENE/2022,00Hs,23.3,3,8,0.0,-32.68 -62.15
MARCOS_JUAREZ_AERO,31/ENE/2022,03Hs,20.4,224,12,0.0,-32.68 -62.15
MARCOS_JUAREZ_AERO,31/ENE/2022,06Hs,21.1,199,12,0.0,-32.68 -62.15
MARCOS_JUAREZ_AERO,31/ENE/2022,09Hs,24.2,177,21,0.0,-32.68 -62.15
MARCOS_JUAREZ_AERO,31/ENE/2022,12Hs,30.9,190,17,0.0,-32.68 -62.15
MARCOS_JUAREZ_AERO,31/ENE/2022,15Hs,33.9,164,19,0.0,-32.68 -62.15
MARCOS_JUAREZ_AERO,31/ENE/2022,18Hs,33.0,162,18,0.0,-32.68 -62.15
MARCOS_JUAREZ_AERO,31/ENE/2022,21Hs,24.9,151,15,0.0,-32.68 -62.15
MARIANO_MORENO_AERO,27/ENE/2022,00Hs,16.7,148,23,0.0,-34.55 -58.78
MARIANO_MORENO_AERO,27/ENE/2022,03Hs,14.7,157,20,0.0,-34.55 -58.78
MARIANO_MORENO_AERO,27/ENE/2022,06Hs,13.8,158,19,0.0,-34.55 -58.78
MARIANO_MORENO_AERO,27/ENE/2022,09Hs,16.5,152,18,0.0,-34.55 -58.78
MARIANO_MORENO_AERO,27/ENE/2022,12Hs,19.1,136,16,0.0,-34.55 -58.78
MARIANO_MORENO_AERO,27/ENE/2022,15Hs,20.6,123,13,0.0,-34.55 -58.78
MARIANO_MORENO_AERO,27/ENE/2022,18Hs,20.1,110,14,0.0,-34.55 -58.78
MARIANO_MORENO_AERO,27/ENE/2022,21Hs,16.8,102,13,0.0,-34.55 -58.78
MARIANO_MORENO_AERO,28/ENE/2022,00Hs,16.0,85,10,0.0,-34.55 -58.78
MARIANO_MORENO_AERO,28/ENE/2022,03Hs,14.3,71,8,0.0,-34.55 -58.78
MARIANO_MORENO_AERO,28/ENE/2022,06Hs,13.4,63,7,0.0,-34.55 -58.78
MARIANO_MORENO_AERO,28/ENE/2022,09Hs,18.2,71,9,0.0,-34.55 -58.78
MARIANO_MORENO_AERO,28/ENE/2022,12Hs,21.4,100,10,0.0,-34.55 -58.78
MARIANO_MORENO_AERO,28/ENE/2022,15Hs,22.8,113,10,0.0,-34.55 -58.78
MARIANO_MORENO_AERO,28/ENE/2022,18Hs,21.2,116,10,0.0,-34.55 -58.78
MARIANO_MORENO_AERO,28/ENE/2022,21Hs,17.7,106,10,0.0,-34.55 -58.78
MARIANO_MORENO_AERO,29/ENE/2022,00Hs,17.6,84,10,0.0,-34.55 -58.78
MARIANO_MORENO_AERO,29/ENE/2022,03Hs,16.0,58,8,0.0,-34.55 -58.78
MARIANO_MORENO_AERO,29/ENE/2022,06Hs,14.1,18,6,0.0,-34.55 -58.78
MARIANO_MORENO_AERO,29/ENE/2022,09Hs,20.8,11,10,0.0,-34.55 -58.78
MARIANO_MORENO_AERO,29/ENE/2022,12Hs,26.6,33,9,0.0,-34.55 -58.78
MARIANO_MORENO_AERO,29/ENE/2022,15Hs,28.0,81,11,0.0,-34.55 -58.78
MARIANO_MORENO_AERO,29/ENE/2022,18Hs,25.3,102,13,0.0,-34.55 -58.78
MARIANO_MORENO_AERO,29/ENE/2022,21Hs,20.9,98,14,0.0,-34.55 -58.78
MARIANO_MORENO_AERO,30/ENE/2022,00Hs,18.7,52,7,0.0,-34.55 -58.78
MARIANO_MORENO_AERO,30/ENE/2022,03Hs,17.8,35,10,0.0,-34.55 -58.78
MARIANO_MORENO_AERO,30/ENE/2022,06Hs,16.5,23,10,0.0,-34.55 -58.78
MARIANO_MORENO_AERO,30/ENE/2022,09Hs,21.9,6,12,0.0,-34.55 -58.78
MARIANO_MORENO_AERO,30/ENE/2022,12Hs,28.6,9,10,0.0,-34.55 -58.78
MARIANO_MORENO_AERO,30/ENE/2022,15Hs,30.7,48,12,0.0,-34.55 -58.78
MARIANO_MORENO_AERO,30/ENE/2022,18Hs,29.4,60,11,0.0,-34.55 -58.78
MARIANO_MORENO_AERO,30/ENE/2022,21Hs,22.3,63,6,0.0,-34.55 -58.78
MARIANO_MORENO_AERO,31/ENE/2022,00Hs,20.6,14,7,0.0,-34.55 -58.78
MARIANO_MORENO_AERO,31/ENE/2022,03Hs,18.4,328,7,0.0,-34.55 -58.78
MARIANO_MORENO_AERO,31/ENE/2022,06Hs,17.0,281,7,0.2,-34.55 -58.78
MARIANO_MORENO_AERO,31/ENE/2022,09Hs,21.4,220,7,0.6,-34.55 -58.78
MARIANO_MORENO_AERO,31/ENE/2022,12Hs,26.8,144,14,0.0,-34.55 -58.78
MARIANO_MORENO_AERO,31/ENE/2022,15Hs,26.9,97,14,0.0,-34.55 -58.78
MARIANO_MORENO_AERO,31/ENE/2022,18Hs,24.1,119,17,0.0,-34.55 -58.78
MARIANO_MORENO_AERO,31/ENE/2022,21Hs,20.4,114,15,0.0,-34.55 -58.78
MAR_DEL_PLATA_AERO,27/ENE/2022,00Hs,11.9,181,14,0.0,-64.23 -56.63
MAR_DEL_PLATA_AERO,27/ENE/2022,03Hs,10.7,199,12,0.0,-64.23 -56.63
MAR_DEL_PLATA_AERO,27/ENE/2022,06Hs,9.8,206,12,0.0,-64.23 -56.63
MAR_DEL_PLATA_AERO,27/ENE/2022,09Hs,16.2,170,23,0.0,-64.23 -56.63
MAR_DEL_PLATA_AERO,27/ENE/2022,12Hs,19.9,154,20,0.0,-64.23 -56.63
MAR_DEL_PLATA_AERO,27/ENE/2022,15Hs,20.9,138,21,0.0,-64.23 -56.63
MAR_DEL_PLATA_AERO,27/ENE/2022,18Hs,18.3,121,17,0.0,-64.23 -56.63
MAR_DEL_PLATA_AERO,27/ENE/2022,21Hs,12.0,101,12,0.0,-64.23 -56.63
MAR_DEL_PLATA_AERO,28/ENE/2022,00Hs,10.2,63,8,0.0,-64.23 -56.63
MAR_DEL_PLATA_AERO,28/ENE/2022,03Hs,9.2,353,7,0.0,-64.23 -56.63
MAR_DEL_PLATA_AERO,28/ENE/2022,06Hs,8.6,330,6,0.0,-64.23 -56.63
MAR_DEL_PLATA_AERO,28/ENE/2022,09Hs,16.1,324,10,0.0,-64.23 -56.63
MAR_DEL_PLATA_AERO,28/ENE/2022,12Hs,22.0,327,12,0.0,-64.23 -56.63
MAR_DEL_PLATA_AERO,28/ENE/2022,15Hs,25.0,328,12,0.0,-64.23 -56.63
MAR_DEL_PLATA_AERO,28/ENE/2022,18Hs,24.5,329,12,0.0,-64.23 -56.63
MAR_DEL_PLATA_AERO,28/ENE/2022,21Hs,16.2,21,9,0.0,-64.23 -56.63
MAR_DEL_PLATA_AERO,29/ENE/2022,00Hs,13.1,1,13,0.0,-64.23 -56.63
MAR_DEL_PLATA_AERO,29/ENE/2022,03Hs,11.9,348,13,0.0,-64.23 -56.63
MAR_DEL_PLATA_AERO,29/ENE/2022,06Hs,11.2,330,11,0.0,-64.23 -56.63
MAR_DEL_PLATA_AERO,29/ENE/2022,09Hs,19.5,341,17,0.0,-64.23 -56.63
MAR_DEL_PLATA_AERO,29/ENE/2022,12Hs,25.6,325,19,0.0,-64.23 -56.63
MAR_DEL_PLATA_AERO,29/ENE/2022,15Hs,28.4,324,18,0.0,-64.23 -56.63
MAR_DEL_PLATA_AERO,29/ENE/2022,18Hs,27.3,332,19,0.0,-64.23 -56.63
MAR_DEL_PLATA_AERO,29/ENE/2022,21Hs,19.7,3,14,0.0,-64.23 -56.63
MAR_DEL_PLATA_AERO,30/ENE/2022,00Hs,16.3,8,14,0.0,-64.23 -56.63
MAR_DEL_PLATA_AERO,30/ENE/2022,03Hs,15.2,4,14,0.0,-64.23 -56.63
MAR_DEL_PLATA_AERO,30/ENE/2022,06Hs,15.7,359,14,0.0,-64.23 -56.63
MAR_DEL_PLATA_AERO,30/ENE/2022,09Hs,22.5,341,27,0.0,-64.23 -56.63
MAR_DEL_PLATA_AERO,30/ENE/2022,12Hs,28.5,328,29,0.0,-64.23 -56.63
MAR_DEL_PLATA_AERO,30/ENE/2022,15Hs,30.9,324,28,0.0,-64.23 -56.63
MAR_DEL_PLATA_AERO,30/ENE/2022,18Hs,29.5,321,25,0.0,-64.23 -56.63
MAR_DEL_PLATA_AERO,30/ENE/2022,21Hs,22.8,25,7,0.2,-64.23 -56.63
MAR_DEL_PLATA_AERO,31/ENE/2022,00Hs,16.1,190,13,1.9,-64.23 -56.63
MAR_DEL_PLATA_AERO,31/ENE/2022,03Hs,15.6,213,16,2.4,-64.23 -56.63
MAR_DEL_PLATA_AERO,31/ENE/2022,06Hs,15.8,197,20,1.8,-64.23 -56.63
MAR_DEL_PLATA_AERO,31/ENE/2022,09Hs,18.2,188,25,0.0,-64.23 -56.63
MAR_DEL_PLATA_AERO,31/ENE/2022,12Hs,22.1,183,24,0.0,-64.23 -56.63
MAR_DEL_PLATA_AERO,31/ENE/2022,15Hs,22.8,180,20,0.0,-64.23 -56.63
MAR_DEL_PLATA_AERO,31/ENE/2022,18Hs,20.8,139,20,0.0,-64.23 -56.63
MAR_DEL_PLATA_AERO,31/ENE/2022,21Hs,13.9,107,14,0.0,-64.23 -56.63
MENDOZA_AERO,27/ENE/2022,00Hs,19.9,159,22,5.8,-32.85 -68.8
MENDOZA_AERO,27/ENE/2022,03Hs,18.1,136,21,13.6,-32.85 -68.8
MENDOZA_AERO,27/ENE/2022,06Hs,17.6,192,23,4.2,-32.85 -68.8
MENDOZA_AERO,27/ENE/2022,09Hs,18.1,189,19,1.9,-32.85 -68.8
MENDOZA_AERO,27/ENE/2022,12Hs,20.7,139,26,0.2,-32.85 -68.8
MENDOZA_AERO,27/ENE/2022,15Hs,25.1,110,17,0.0,-32.85 -68.8
MENDOZA_AERO,27/ENE/2022,18Hs,25.4,319,9,0.0,-32.85 -68.8
MENDOZA_AERO,27/ENE/2022,21Hs,23.4,273,11,0.0,-32.85 -68.8
MENDOZA_AERO,28/ENE/2022,00Hs,20.6,349,19,0.0,-32.85 -68.8
MENDOZA_AERO,28/ENE/2022,03Hs,19.5,18,12,0.0,-32.85 -68.8
MENDOZA_AERO,28/ENE/2022,06Hs,18.4,36,8,0.0,-32.85 -68.8
MENDOZA_AERO,28/ENE/2022,09Hs,20.5,2,14,0.0,-32.85 -68.8
MENDOZA_AERO,28/ENE/2022,12Hs,24.7,19,17,0.0,-32.85 -68.8
MENDOZA_AERO,28/ENE/2022,15Hs,28.2,31,17,0.0,-32.85 -68.8
MENDOZA_AERO,28/ENE/2022,18Hs,29.2,35,14,0.0,-32.85 -68.8
MENDOZA_AERO,28/ENE/2022,21Hs,26.4,38,16,0.0,-32.85 -68.8
MENDOZA_AERO,29/ENE/2022,00Hs,24.6,48,19,0.0,-32.85 -68.8
MENDOZA_AERO,29/ENE/2022,03Hs,21.7,17,6,0.5,-32.85 -68.8
MENDOZA_AERO,29/ENE/2022,06Hs,20.8,192,1,0.0,-32.85 -68.8
MENDOZA_AERO,29/ENE/2022,09Hs,22.7,56,4,0.0,-32.85 -68.8
MENDOZA_AERO,29/ENE/2022,12Hs,26.8,60,12,0.0,-32.85 -68.8
MENDOZA_AERO,29/ENE/2022,15Hs,30.6,51,15,0.0,-32.85 -68.8
MENDOZA_AERO,29/ENE/2022,18Hs,31.8,53,17,0.0,-32.85 -68.8
MENDOZA_AERO,29/ENE/2022,21Hs,28.5,41,16,0.0,-32.85 -68.8
MENDOZA_AERO,30/ENE/2022,00Hs,25.5,36,16,0.4,-32.85 -68.8
MENDOZA_AERO,30/ENE/2022,03Hs,22.8,139,16,0.6,-32.85 -68.8
MENDOZA_AERO,30/ENE/2022,06Hs,21.8,129,9,0.4,-32.85 -68.8
MENDOZA_AERO,30/ENE/2022,09Hs,23.2,149,22,0.8,-32.85 -68.8
MENDOZA_AERO,30/ENE/2022,12Hs,27.3,135,13,0.0,-32.85 -68.8
MENDOZA_AERO,30/ENE/2022,15Hs,30.8,86,13,0.0,-32.85 -68.8
MENDOZA_AERO,30/ENE/2022,18Hs,32.0,99,11,0.0,-32.85 -68.8
MENDOZA_AERO,30/ENE/2022,21Hs,29.3,130,14,0.0,-32.85 -68.8
MENDOZA_AERO,31/ENE/2022,00Hs,22.9,136,33,0.2,-32.85 -68.8
MENDOZA_AERO,31/ENE/2022,03Hs,19.7,229,18,1.3,-32.85 -68.8
MENDOZA_AERO,31/ENE/2022,06Hs,19.7,159,32,0.0,-32.85 -68.8
MENDOZA_AERO,31/ENE/2022,09Hs,19.3,151,26,0.0,-32.85 -68.8
MENDOZA_AERO,31/ENE/2022,12Hs,23.7,117,16,0.0,-32.85 -68.8
MENDOZA_AERO,31/ENE/2022,15Hs,26.8,94,12,0.0,-32.85 -68.8
MENDOZA_AERO,31/ENE/2022,18Hs,28.2,85,8,0.0,-32.85 -68.8
MENDOZA_AERO,31/ENE/2022,21Hs,25.7,89,3,0.0,-32.85 -68.8
MENDOZA_OBSERVATORIO,27/ENE/2022,00Hs,19.5,197,15,1.4,-32.85 -68.8
MENDOZA_OBSERVATORIO,27/ENE/2022,03Hs,17.5,201,15,4.2,-32.85 -68.8
MENDOZA_OBSERVATORIO,27/ENE/2022,06Hs,16.1,208,27,10.1,-32.85 -68.8
MENDOZA_OBSERVATORIO,27/ENE/2022,09Hs,17.7,215,19,1.4,-32.85 -68.8
MENDOZA_OBSERVATORIO,27/ENE/2022,12Hs,20.9,121,19,0.0,-32.85 -68.8
MENDOZA_OBSERVATORIO,27/ENE/2022,15Hs,22.5,75,10,0.0,-32.85 -68.8
MENDOZA_OBSERVATORIO,27/ENE/2022,18Hs,23.3,346,4,0.0,-32.85 -68.8
MENDOZA_OBSERVATORIO,27/ENE/2022,21Hs,21.9,284,4,0.0,-32.85 -68.8
MENDOZA_OBSERVATORIO,28/ENE/2022,00Hs,20.3,14,13,0.0,-32.85 -68.8
MENDOZA_OBSERVATORIO,28/ENE/2022,03Hs,18.4,40,11,0.0,-32.85 -68.8
MENDOZA_OBSERVATORIO,28/ENE/2022,06Hs,17.3,39,8,0.0,-32.85 -68.8
MENDOZA_OBSERVATORIO,28/ENE/2022,09Hs,19.5,20,13,0.0,-32.85 -68.8
MENDOZA_OBSERVATORIO,28/ENE/2022,12Hs,24.0,28,18,0.0,-32.85 -68.8
MENDOZA_OBSERVATORIO,28/ENE/2022,15Hs,27.5,35,19,0.0,-32.85 -68.8
MENDOZA_OBSERVATORIO,28/ENE/2022,18Hs,28.5,47,16,0.0,-32.85 -68.8
MENDOZA_OBSERVATORIO,28/ENE/2022,21Hs,25.4,53,16,0.0,-32.85 -68.8
MENDOZA_OBSERVATORIO,29/ENE/2022,00Hs,23.5,32,14,0.0,-32.85 -68.8
MENDOZA_OBSERVATORIO,29/ENE/2022,03Hs,20.1,34,11,0.6,-32.85 -68.8
MENDOZA_OBSERVATORIO,29/ENE/2022,06Hs,19.6,229,4,0.5,-32.85 -68.8
MENDOZA_OBSERVATORIO,29/ENE/2022,09Hs,21.5,100,4,0.0,-32.85 -68.8
MENDOZA_OBSERVATORIO,29/ENE/2022,12Hs,26.0,68,10,0.0,-32.85 -68.8
MENDOZA_OBSERVATORIO,29/ENE/2022,15Hs,29.2,58,15,0.0,-32.85 -68.8
MENDOZA_OBSERVATORIO,29/ENE/2022,18Hs,30.4,52,13,0.0,-32.85 -68.8
MENDOZA_OBSERVATORIO,29/ENE/2022,21Hs,27.4,55,15,0.0,-32.85 -68.8
MENDOZA_OBSERVATORIO,30/ENE/2022,00Hs,22.9,60,5,1.8,-32.85 -68.8
MENDOZA_OBSERVATORIO,30/ENE/2022,03Hs,22.0,138,10,0.4,-32.85 -68.8
MENDOZA_OBSERVATORIO,30/ENE/2022,06Hs,20.3,265,2,1.8,-32.85 -68.8
MENDOZA_OBSERVATORIO,30/ENE/2022,09Hs,22.0,142,14,1.5,-32.85 -68.8
MENDOZA_OBSERVATORIO,30/ENE/2022,12Hs,25.5,151,7,0.1,-32.85 -68.8
MENDOZA_OBSERVATORIO,30/ENE/2022,15Hs,29.3,79,12,0.0,-32.85 -68.8
MENDOZA_OBSERVATORIO,30/ENE/2022,18Hs,30.4,74,9,0.0,-32.85 -68.8
MENDOZA_OBSERVATORIO,30/ENE/2022,21Hs,27.9,40,4,0.0,-32.85 -68.8
MENDOZA_OBSERVATORIO,31/ENE/2022,00Hs,20.9,215,15,1.2,-32.85 -68.8
MENDOZA_OBSERVATORIO,31/ENE/2022,03Hs,19.7,217,16,1.5,-32.85 -68.8
MENDOZA_OBSERVATORIO,31/ENE/2022,06Hs,19.2,163,19,0.0,-32.85 -68.8
MENDOZA_OBSERVATORIO,31/ENE/2022,09Hs,18.8,180,13,0.0,-32.85 -68.8
MENDOZA_OBSERVATORIO,31/ENE/2022,12Hs,22.5,79,10,0.0,-32.85 -68.8
MENDOZA_OBSERVATORIO,31/ENE/2022,15Hs,25.5,56,14,0.0,-32.85 -68.8
MENDOZA_OBSERVATORIO,31/ENE/2022,18Hs,26.7,43,9,0.0,-32.85 -68.8
MENDOZA_OBSERVATORIO,31/ENE/2022,21Hs,24.5,27,6,0.0,-32.85 -68.8
MERCEDES_AERO_(CTES),27/ENE/2022,00Hs,23.0,145,22,1.4,-29.23 -58.08
MERCEDES_AERO_(CTES),27/ENE/2022,03Hs,20.8,163,22,0.0,-29.23 -58.08
MERCEDES_AERO_(CTES),27/ENE/2022,06Hs,20.8,157,23,0.0,-29.23 -58.08
MERCEDES_AERO_(CTES),27/ENE/2022,09Hs,21.6,156,29,0.1,-29.23 -58.08
MERCEDES_AERO_(CTES),27/ENE/2022,12Hs,25.7,141,31,0.0,-29.23 -58.08
MERCEDES_AERO_(CTES),27/ENE/2022,15Hs,32.4,147,29,0.0,-29.23 -58.08
MERCEDES_AERO_(CTES),27/ENE/2022,18Hs,31.0,159,32,0.0,-29.23 -58.08
MERCEDES_AERO_(CTES),27/ENE/2022,21Hs,23.7,175,30,0.0,-29.23 -58.08
MERCEDES_AERO_(CTES),28/ENE/2022,00Hs,20.2,154,24,0.0,-29.23 -58.08
MERCEDES_AERO_(CTES),28/ENE/2022,03Hs,17.8,142,21,0.0,-29.23 -58.08
MERCEDES_AERO_(CTES),28/ENE/2022,06Hs,16.4,122,15,0.0,-29.23 -58.08
MERCEDES_AERO_(CTES),28/ENE/2022,09Hs,21.8,113,22,0.0,-29.23 -58.08
MERCEDES_AERO_(CTES),28/ENE/2022,12Hs,28.3,132,19,0.0,-29.23 -58.08
MERCEDES_AERO_(CTES),28/ENE/2022,15Hs,32.0,148,19,0.0,-29.23 -58.08
MERCEDES_AERO_(CTES),28/ENE/2022,18Hs,31.6,149,21,0.0,-29.23 -58.08
MERCEDES_AERO_(CTES),28/ENE/2022,21Hs,23.6,148,17,0.0,-29.23 -58.08
MERCEDES_AERO_(CTES),29/ENE/2022,00Hs,20.2,152,15,0.0,-29.23 -58.08
MERCEDES_AERO_(CTES),29/ENE/2022,03Hs,18.7,118,17,0.0,-29.23 -58.08
MERCEDES_AERO_(CTES),29/ENE/2022,06Hs,16.6,112,16,0.0,-29.23 -58.08
MERCEDES_AERO_(CTES),29/ENE/2022,09Hs,23.3,90,21,0.0,-29.23 -58.08
MERCEDES_AERO_(CTES),29/ENE/2022,12Hs,30.8,110,17,0.0,-29.23 -58.08
MERCEDES_AERO_(CTES),29/ENE/2022,15Hs,34.3,127,18,0.0,-29.23 -58.08
MERCEDES_AERO_(CTES),29/ENE/2022,18Hs,33.8,118,18,0.0,-29.23 -58.08
MERCEDES_AERO_(CTES),29/ENE/2022,21Hs,25.0,89,15,0.0,-29.23 -58.08
MERCEDES_AERO_(CTES),30/ENE/2022,00Hs,22.7,92,15,0.0,-29.23 -58.08
MERCEDES_AERO_(CTES),30/ENE/2022,03Hs,19.9,97,21,0.0,-29.23 -58.08
MERCEDES_AERO_(CTES),30/ENE/2022,06Hs,17.5,105,17,0.0,-29.23 -58.08
MERCEDES_AERO_(CTES),30/ENE/2022,09Hs,25.1,70,19,0.0,-29.23 -58.08
MERCEDES_AERO_(CTES),30/ENE/2022,12Hs,33.3,50,12,0.0,-29.23 -58.08
MERCEDES_AERO_(CTES),30/ENE/2022,15Hs,36.6,99,5,0.0,-29.23 -58.08
MERCEDES_AERO_(CTES),30/ENE/2022,18Hs,36.8,143,9,0.0,-29.23 -58.08
MERCEDES_AERO_(CTES),30/ENE/2022,21Hs,28.5,154,10,0.0,-29.23 -58.08
MERCEDES_AERO_(CTES),31/ENE/2022,00Hs,25.9,126,15,0.0,-29.23 -58.08
MERCEDES_AERO_(CTES),31/ENE/2022,03Hs,23.7,112,16,0.0,-29.23 -58.08
MERCEDES_AERO_(CTES),31/ENE/2022,06Hs,22.0,33,13,0.0,-29.23 -58.08
MERCEDES_AERO_(CTES),31/ENE/2022,09Hs,30.4,336,24,0.0,-29.23 -58.08
MERCEDES_AERO_(CTES),31/ENE/2022,12Hs,37.8,298,22,0.0,-29.23 -58.08
MERCEDES_AERO_(CTES),31/ENE/2022,15Hs,39.7,254,18,0.0,-29.23 -58.08
MERCEDES_AERO_(CTES),31/ENE/2022,18Hs,38.7,221,22,0.0,-29.23 -58.08
MERCEDES_AERO_(CTES),31/ENE/2022,21Hs,30.4,124,15,0.0,-29.23 -58.08
MERLO_AERO,27/ENE/2022,00Hs,14.2,142,23,0.0,-34.68 -58.75
MERLO_AERO,27/ENE/2022,03Hs,12.2,158,18,0.0,-34.68 -58.75
MERLO_AERO,27/ENE/2022,06Hs,10.4,164,14,0.0,-34.68 -58.75
MERLO_AERO,27/ENE/2022,09Hs,14.9,144,22,0.0,-34.68 -58.75
MERLO_AERO,27/ENE/2022,12Hs,19.2,138,19,0.0,-34.68 -58.75
MERLO_AERO,27/ENE/2022,15Hs,21.5,134,15,0.0,-34.68 -58.75
MERLO_AERO,27/ENE/2022,18Hs,21.0,128,14,0.0,-34.68 -58.75
MERLO_AERO,27/ENE/2022,21Hs,16.1,137,12,0.0,-34.68 -58.75
MERLO_AERO,28/ENE/2022,00Hs,13.5,71,11,0.0,-34.68 -58.75
MERLO_AERO,28/ENE/2022,03Hs,12.3,93,10,0.0,-34.68 -58.75
MERLO_AERO,28/ENE/2022,06Hs,11.6,91,8,0.0,-34.68 -58.75
MERLO_AERO,28/ENE/2022,09Hs,17.3,57,8,0.0,-34.68 -58.75
MERLO_AERO,28/ENE/2022,12Hs,21.8,72,9,0.0,-34.68 -58.75
MERLO_AERO,28/ENE/2022,15Hs,24.5,77,8,0.0,-34.68 -58.75
MERLO_AERO,28/ENE/2022,18Hs,24.1,49,14,0.0,-34.68 -58.75
MERLO_AERO,28/ENE/2022,21Hs,17.4,51,13,0.0,-34.68 -58.75
MERLO_AERO,29/ENE/2022,00Hs,15.2,60,12,0.0,-34.68 -58.75
MERLO_AERO,29/ENE/2022,03Hs,15.0,63,10,0.0,-34.68 -58.75
MERLO_AERO,29/ENE/2022,06Hs,14.6,33,11,0.0,-34.68 -58.75
MERLO_AERO,29/ENE/2022,09Hs,20.4,8,17,0.0,-34.68 -58.75
MERLO_AERO,29/ENE/2022,12Hs,25.5,352,14,0.0,-34.68 -58.75
MERLO_AERO,29/ENE/2022,15Hs,28.0,350,10,0.0,-34.68 -58.75
MERLO_AERO,29/ENE/2022,18Hs,28.0,11,6,0.0,-34.68 -58.75
MERLO_AERO,29/ENE/2022,21Hs,20.5,54,15,0.0,-34.68 -58.75
MERLO_AERO,30/ENE/2022,00Hs,18.5,60,15,0.0,-34.68 -58.75
MERLO_AERO,30/ENE/2022,03Hs,18.1,36,12,0.0,-34.68 -58.75
MERLO_AERO,30/ENE/2022,06Hs,17.0,13,13,0.0,-34.68 -58.75
MERLO_AERO,30/ENE/2022,09Hs,22.0,4,19,0.0,-34.68 -58.75
MERLO_AERO,30/ENE/2022,12Hs,27.8,348,16,0.0,-34.68 -58.75
MERLO_AERO,30/ENE/2022,15Hs,30.5,350,14,0.0,-34.68 -58.75
MERLO_AERO,30/ENE/2022,18Hs,29.9,4,10,0.0,-34.68 -58.75
MERLO_AERO,30/ENE/2022,21Hs,23.0,51,15,0.0,-34.68 -58.75
MERLO_AERO,31/ENE/2022,00Hs,21.3,34,10,0.0,-34.68 -58.75
MERLO_AERO,31/ENE/2022,03Hs,23.2,344,17,0.0,-34.68 -58.75
MERLO_AERO,31/ENE/2022,06Hs,18.4,210,8,0.3,-34.68 -58.75
MERLO_AERO,31/ENE/2022,09Hs,19.8,168,25,0.0,-34.68 -58.75
MERLO_AERO,31/ENE/2022,12Hs,24.6,158,22,0.0,-34.68 -58.75
MERLO_AERO,31/ENE/2022,15Hs,26.8,162,20,0.0,-34.68 -58.75
MERLO_AERO,31/ENE/2022,18Hs,24.9,149,16,0.0,-34.68 -58.75
MERLO_AERO,31/ENE/2022,21Hs,18.6,156,12,0.0,-34.68 -58.75
METAN,27/ENE/2022,00Hs,18.0,233,22,5.2,-25.52 -64.97
METAN,27/ENE/2022,03Hs,18.0,225,18,5.1,-25.52 -64.97
METAN,27/ENE/2022,06Hs,17.4,228,15,6.6,-25.52 -64.97
METAN,27/ENE/2022,09Hs,17.8,244,11,5.2,-25.52 -64.97
METAN,27/ENE/2022,12Hs,18.4,216,11,1.5,-25.52 -64.97
METAN,27/ENE/2022,15Hs,17.7,202,6,7.1,-25.52 -64.97
METAN,27/ENE/2022,18Hs,16.9,226,8,7.3,-25.52 -64.97
METAN,27/ENE/2022,21Hs,16.7,232,11,1.7,-25.52 -64.97
METAN,28/ENE/2022,00Hs,15.9,224,8,0.0,-25.52 -64.97
METAN,28/ENE/2022,03Hs,16.3,202,2,0.2,-25.52 -64.97
METAN,28/ENE/2022,06Hs,16.3,230,3,0.4,-25.52 -64.97
METAN,28/ENE/2022,09Hs,17.2,98,2,0.2,-25.52 -64.97
METAN,28/ENE/2022,12Hs,20.8,63,9,0.2,-25.52 -64.97
METAN,28/ENE/2022,15Hs,21.5,59,8,0.5,-25.52 -64.97
METAN,28/ENE/2022,18Hs,22.2,25,5,0.2,-25.52 -64.97
METAN,28/ENE/2022,21Hs,19.2,263,7,0.0,-25.52 -64.97
METAN,29/ENE/2022,00Hs,18.5,241,8,0.0,-25.52 -64.97
METAN,29/ENE/2022,03Hs,18.0,247,6,0.0,-25.52 -64.97
METAN,29/ENE/2022,06Hs,16.0,279,1,0.0,-25.52 -64.97
METAN,29/ENE/2022,09Hs,19.2,64,3,0.0,-25.52 -64.97
METAN,29/ENE/2022,12Hs,23.1,75,11,0.0,-25.52 -64.97
METAN,29/ENE/2022,15Hs,25.2,64,9,0.0,-25.52 -64.97
METAN,29/ENE/2022,18Hs,25.9,8,6,0.1,-25.52 -64.97
METAN,29/ENE/2022,21Hs,20.6,294,4,0.0,-25.52 -64.97
METAN,30/ENE/2022,00Hs,19.9,254,8,0.0,-25.52 -64.97
METAN,30/ENE/2022,03Hs,18.3,255,7,0.0,-25.52 -64.97
METAN,30/ENE/2022,06Hs,17.5,257,9,0.0,-25.52 -64.97
METAN,30/ENE/2022,09Hs,22.3,207,3,0.0,-25.52 -64.97
METAN,30/ENE/2022,12Hs,25.9,72,14,0.0,-25.52 -64.97
METAN,30/ENE/2022,15Hs,28.4,60,13,0.0,-25.52 -64.97
METAN,30/ENE/2022,18Hs,28.4,25,7,0.0,-25.52 -64.97
METAN,30/ENE/2022,21Hs,21.8,304,5,0.0,-25.52 -64.97
METAN,31/ENE/2022,00Hs,20.3,261,8,0.0,-25.52 -64.97
METAN,31/ENE/2022,03Hs,20.2,245,12,0.2,-25.52 -64.97
METAN,31/ENE/2022,06Hs,19.6,249,11,0.4,-25.52 -64.97
METAN,31/ENE/2022,09Hs,17.9,233,21,1.0,-25.52 -64.97
METAN,31/ENE/2022,12Hs,18.0,223,19,0.6,-25.52 -64.97
METAN,31/ENE/2022,15Hs,24.7,157,15,0.0,-25.52 -64.97
METAN,31/ENE/2022,18Hs,21.5,238,13,0.4,-25.52 -64.97
METAN,31/ENE/2022,21Hs,17.8,257,12,0.0,-25.52 -64.97
MONTE_CASEROS_AERO,27/ENE/2022,00Hs,22.4,149,21,0.0,-30.27 -57.63
MONTE_CASEROS_AERO,27/ENE/2022,03Hs,21.6,164,24,0.0,-30.27 -57.63
MONTE_CASEROS_AERO,27/ENE/2022,06Hs,21.2,159,28,0.0,-30.27 -57.63
MONTE_CASEROS_AERO,27/ENE/2022,09Hs,20.8,154,34,0.0,-30.27 -57.63
MONTE_CASEROS_AERO,27/ENE/2022,12Hs,27.1,150,30,0.0,-30.27 -57.63
MONTE_CASEROS_AERO,27/ENE/2022,15Hs,30.5,162,32,0.0,-30.27 -57.63
MONTE_CASEROS_AERO,27/ENE/2022,18Hs,28.4,165,33,0.0,-30.27 -57.63
MONTE_CASEROS_AERO,27/ENE/2022,21Hs,22.1,165,25,0.0,-30.27 -57.63
MONTE_CASEROS_AERO,28/ENE/2022,00Hs,19.6,151,21,0.0,-30.27 -57.63
MONTE_CASEROS_AERO,28/ENE/2022,03Hs,17.6,133,18,0.0,-30.27 -57.63
MONTE_CASEROS_AERO,28/ENE/2022,06Hs,15.5,131,14,0.0,-30.27 -57.63
MONTE_CASEROS_AERO,28/ENE/2022,09Hs,21.8,107,21,0.0,-30.27 -57.63
MONTE_CASEROS_AERO,28/ENE/2022,12Hs,28.0,130,18,0.0,-30.27 -57.63
MONTE_CASEROS_AERO,28/ENE/2022,15Hs,31.5,148,19,0.0,-30.27 -57.63
MONTE_CASEROS_AERO,28/ENE/2022,18Hs,30.6,157,24,0.0,-30.27 -57.63
MONTE_CASEROS_AERO,28/ENE/2022,21Hs,22.0,177,19,0.0,-30.27 -57.63
MONTE_CASEROS_AERO,29/ENE/2022,00Hs,19.3,137,14,0.0,-30.27 -57.63
MONTE_CASEROS_AERO,29/ENE/2022,03Hs,18.5,106,18,0.0,-30.27 -57.63
MONTE_CASEROS_AERO,29/ENE/2022,06Hs,16.2,96,14,0.0,-30.27 -57.63
MONTE_CASEROS_AERO,29/ENE/2022,09Hs,23.3,82,20,0.0,-30.27 -57.63
MONTE_CASEROS_AERO,29/ENE/2022,12Hs,30.5,109,16,0.0,-30.27 -57.63
MONTE_CASEROS_AERO,29/ENE/2022,15Hs,34.1,118,16,0.0,-30.27 -57.63
MONTE_CASEROS_AERO,29/ENE/2022,18Hs,33.7,123,19,0.0,-30.27 -57.63
MONTE_CASEROS_AERO,29/ENE/2022,21Hs,24.2,171,16,0.0,-30.27 -57.63
MONTE_CASEROS_AERO,30/ENE/2022,00Hs,21.3,115,14,0.0,-30.27 -57.63
MONTE_CASEROS_AERO,30/ENE/2022,03Hs,19.2,78,15,0.0,-30.27 -57.63
MONTE_CASEROS_AERO,30/ENE/2022,06Hs,16.9,79,16,0.0,-30.27 -57.63
MONTE_CASEROS_AERO,30/ENE/2022,09Hs,25.2,61,22,0.0,-30.27 -57.63
MONTE_CASEROS_AERO,30/ENE/2022,12Hs,33.0,55,14,0.0,-30.27 -57.63
MONTE_CASEROS_AERO,30/ENE/2022,15Hs,35.9,76,9,0.0,-30.27 -57.63
MONTE_CASEROS_AERO,30/ENE/2022,18Hs,36.3,104,8,0.0,-30.27 -57.63
MONTE_CASEROS_AERO,30/ENE/2022,21Hs,26.7,147,18,0.0,-30.27 -57.63
MONTE_CASEROS_AERO,31/ENE/2022,00Hs,23.5,122,15,0.0,-30.27 -57.63
MONTE_CASEROS_AERO,31/ENE/2022,03Hs,21.9,99,10,0.0,-30.27 -57.63
MONTE_CASEROS_AERO,31/ENE/2022,06Hs,20.9,108,9,0.0,-30.27 -57.63
MONTE_CASEROS_AERO,31/ENE/2022,09Hs,29.7,2,12,0.0,-30.27 -57.63
MONTE_CASEROS_AERO,31/ENE/2022,12Hs,37.6,261,12,0.0,-30.27 -57.63
MONTE_CASEROS_AERO,31/ENE/2022,15Hs,39.9,207,21,0.0,-30.27 -57.63
MONTE_CASEROS_AERO,31/ENE/2022,18Hs,36.9,160,31,0.0,-30.27 -57.63
MONTE_CASEROS_AERO,31/ENE/2022,21Hs,29.4,168,20,0.0,-30.27 -57.63
MORON_AERO,27/ENE/2022,00Hs,14.7,148,19,0.0,-34.67 -58.63
MORON_AERO,27/ENE/2022,03Hs,13.0,161,17,0.0,-34.67 -58.63
MORON_AERO,27/ENE/2022,06Hs,11.6,160,14,0.0,-34.67 -58.63
MORON_AERO,27/ENE/2022,09Hs,15.0,147,17,0.0,-34.67 -58.63
MORON_AERO,27/ENE/2022,12Hs,19.5,138,16,0.0,-34.67 -58.63
MORON_AERO,27/ENE/2022,15Hs,22.2,138,12,0.0,-34.67 -58.63
MORON_AERO,27/ENE/2022,18Hs,21.8,135,12,0.0,-34.67 -58.63
MORON_AERO,27/ENE/2022,21Hs,17.7,69,7,0.0,-34.67 -58.63
MORON_AERO,28/ENE/2022,00Hs,15.9,106,7,0.0,-34.67 -58.63
MORON_AERO,28/ENE/2022,03Hs,14.8,128,7,0.0,-34.67 -58.63
MORON_AERO,28/ENE/2022,06Hs,14.1,109,5,0.0,-34.67 -58.63
MORON_AERO,28/ENE/2022,09Hs,18.4,55,5,0.0,-34.67 -58.63
MORON_AERO,28/ENE/2022,12Hs,22.7,65,8,0.0,-34.67 -58.63
MORON_AERO,28/ENE/2022,15Hs,24.6,51,12,0.0,-34.67 -58.63
MORON_AERO,28/ENE/2022,18Hs,23.4,58,12,0.0,-34.67 -58.63
MORON_AERO,28/ENE/2022,21Hs,18.8,68,10,0.0,-34.67 -58.63
MORON_AERO,29/ENE/2022,00Hs,17.8,79,8,0.0,-34.67 -58.63
MORON_AERO,29/ENE/2022,03Hs,17.5,56,10,0.0,-34.67 -58.63
MORON_AERO,29/ENE/2022,06Hs,16.6,30,7,0.0,-34.67 -58.63
MORON_AERO,29/ENE/2022,09Hs,20.7,14,13,0.0,-34.67 -58.63
MORON_AERO,29/ENE/2022,12Hs,26.2,6,10,0.0,-34.67 -58.63
MORON_AERO,29/ENE/2022,15Hs,29.1,43,9,0.0,-34.67 -58.63
MORON_AERO,29/ENE/2022,18Hs,27.3,54,14,0.0,-34.67 -58.63
MORON_AERO,29/ENE/2022,21Hs,22.1,66,12,0.0,-34.67 -58.63
MORON_AERO,30/ENE/2022,00Hs,21.0,58,12,0.0,-34.67 -58.63
MORON_AERO,30/ENE/2022,03Hs,20.2,38,12,0.0,-34.67 -58.63
MORON_AERO,30/ENE/2022,06Hs,19.0,22,11,0.0,-34.67 -58.63
MORON_AERO,30/ENE/2022,09Hs,22.5,13,14,0.0,-34.67 -58.63
MORON_AERO,30/ENE/2022,12Hs,28.8,348,10,0.0,-34.67 -58.63
MORON_AERO,30/ENE/2022,15Hs,31.7,4,8,0.0,-34.67 -58.63
MORON_AERO,30/ENE/2022,18Hs,29.8,54,13,0.0,-34.67 -58.63
MORON_AERO,30/ENE/2022,21Hs,24.7,62,12,0.0,-34.67 -58.63
MORON_AERO,31/ENE/2022,00Hs,23.2,43,7,0.0,-34.67 -58.63
MORON_AERO,31/ENE/2022,03Hs,23.4,3,15,0.0,-34.67 -58.63
MORON_AERO,31/ENE/2022,06Hs,19.1,237,6,0.6,-34.67 -58.63
MORON_AERO,31/ENE/2022,09Hs,22.0,182,18,0.0,-34.67 -58.63
MORON_AERO,31/ENE/2022,12Hs,26.1,166,18,0.0,-34.67 -58.63
MORON_AERO,31/ENE/2022,15Hs,28.6,170,16,0.0,-34.67 -58.63
MORON_AERO,31/ENE/2022,18Hs,27.2,148,12,0.0,-34.67 -58.63
MORON_AERO,31/ENE/2022,21Hs,21.8,93,9,0.0,-34.67 -58.63
NEUQUEN_AERO,27/ENE/2022,00Hs,22.0,62,26,0.0,-38.95 -68.13
NEUQUEN_AERO,27/ENE/2022,03Hs,19.3,38,25,0.0,-38.95 -68.13
NEUQUEN_AERO,27/ENE/2022,06Hs,17.4,37,23,0.0,-38.95 -68.13
NEUQUEN_AERO,27/ENE/2022,09Hs,19.8,25,27,0.0,-38.95 -68.13
NEUQUEN_AERO,27/ENE/2022,12Hs,25.0,18,31,0.0,-38.95 -68.13
NEUQUEN_AERO,27/ENE/2022,15Hs,28.5,25,34,0.0,-38.95 -68.13
NEUQUEN_AERO,27/ENE/2022,18Hs,29.3,19,34,0.0,-38.95 -68.13
NEUQUEN_AERO,27/ENE/2022,21Hs,26.9,26,28,0.0,-38.95 -68.13
NEUQUEN_AERO,28/ENE/2022,00Hs,24.5,33,29,0.0,-38.95 -68.13
NEUQUEN_AERO,28/ENE/2022,03Hs,21.6,19,34,0.0,-38.95 -68.13
NEUQUEN_AERO,28/ENE/2022,06Hs,19.8,12,21,0.0,-38.95 -68.13
NEUQUEN_AERO,28/ENE/2022,09Hs,21.9,11,20,0.0,-38.95 -68.13
NEUQUEN_AERO,28/ENE/2022,12Hs,27.8,3,18,0.0,-38.95 -68.13
NEUQUEN_AERO,28/ENE/2022,15Hs,32.2,0,14,0.0,-38.95 -68.13
NEUQUEN_AERO,28/ENE/2022,18Hs,33.9,304,9,0.0,-38.95 -68.13
NEUQUEN_AERO,28/ENE/2022,21Hs,31.6,328,10,0.0,-38.95 -68.13
NEUQUEN_AERO,29/ENE/2022,00Hs,29.6,337,13,0.0,-38.95 -68.13
NEUQUEN_AERO,29/ENE/2022,03Hs,26.6,243,29,0.0,-38.95 -68.13
NEUQUEN_AERO,29/ENE/2022,06Hs,24.6,241,23,0.0,-38.95 -68.13
NEUQUEN_AERO,29/ENE/2022,09Hs,28.2,237,33,0.0,-38.95 -68.13
NEUQUEN_AERO,29/ENE/2022,12Hs,31.6,257,34,0.0,-38.95 -68.13
NEUQUEN_AERO,29/ENE/2022,15Hs,33.7,241,28,0.0,-38.95 -68.13
NEUQUEN_AERO,29/ENE/2022,18Hs,34.6,227,27,0.0,-38.95 -68.13
NEUQUEN_AERO,29/ENE/2022,21Hs,30.2,242,39,0.0,-38.95 -68.13
NEUQUEN_AERO,30/ENE/2022,00Hs,25.0,247,39,0.0,-38.95 -68.13
NEUQUEN_AERO,30/ENE/2022,03Hs,22.3,247,29,0.0,-38.95 -68.13
NEUQUEN_AERO,30/ENE/2022,06Hs,20.0,244,30,0.0,-38.95 -68.13
NEUQUEN_AERO,30/ENE/2022,09Hs,21.0,244,39,0.0,-38.95 -68.13
NEUQUEN_AERO,30/ENE/2022,12Hs,24.2,237,48,0.0,-38.95 -68.13
NEUQUEN_AERO,30/ENE/2022,15Hs,25.4,240,45,0.0,-38.95 -68.13
NEUQUEN_AERO,30/ENE/2022,18Hs,25.2,233,44,0.0,-38.95 -68.13
NEUQUEN_AERO,30/ENE/2022,21Hs,22.5,239,36,0.0,-38.95 -68.13
NEUQUEN_AERO,31/ENE/2022,00Hs,19.7,218,39,0.0,-38.95 -68.13
NEUQUEN_AERO,31/ENE/2022,03Hs,14.7,116,21,0.0,-38.95 -68.13
NEUQUEN_AERO,31/ENE/2022,06Hs,13.5,87,9,0.0,-38.95 -68.13
NEUQUEN_AERO,31/ENE/2022,09Hs,16.2,12,14,0.0,-38.95 -68.13
NEUQUEN_AERO,31/ENE/2022,12Hs,21.2,321,16,0.0,-38.95 -68.13
NEUQUEN_AERO,31/ENE/2022,15Hs,25.5,270,17,0.0,-38.95 -68.13
NEUQUEN_AERO,31/ENE/2022,18Hs,27.4,246,20,0.0,-38.95 -68.13
NEUQUEN_AERO,31/ENE/2022,21Hs,25.2,271,14,0.0,-38.95 -68.13
NUEVE_DE_JULIO,27/ENE/2022,00Hs,14.4,129,19,0.0,-35.43 -60.88
NUEVE_DE_JULIO,27/ENE/2022,03Hs,10.9,157,11,0.0,-35.43 -60.88
NUEVE_DE_JULIO,27/ENE/2022,06Hs,9.2,159,12,0.0,-35.43 -60.88
NUEVE_DE_JULIO,27/ENE/2022,09Hs,14.4,131,18,0.0,-35.43 -60.88
NUEVE_DE_JULIO,27/ENE/2022,12Hs,19.0,127,17,0.0,-35.43 -60.88
NUEVE_DE_JULIO,27/ENE/2022,15Hs,21.3,125,12,0.0,-35.43 -60.88
NUEVE_DE_JULIO,27/ENE/2022,18Hs,20.9,99,12,0.0,-35.43 -60.88
NUEVE_DE_JULIO,27/ENE/2022,21Hs,15.1,70,10,0.0,-35.43 -60.88
NUEVE_DE_JULIO,28/ENE/2022,00Hs,13.2,41,8,0.0,-35.43 -60.88
NUEVE_DE_JULIO,28/ENE/2022,03Hs,11.6,47,11,0.0,-35.43 -60.88
NUEVE_DE_JULIO,28/ENE/2022,06Hs,10.3,16,9,0.0,-35.43 -60.88
NUEVE_DE_JULIO,28/ENE/2022,09Hs,16.3,24,13,0.0,-35.43 -60.88
NUEVE_DE_JULIO,28/ENE/2022,12Hs,21.2,27,13,0.0,-35.43 -60.88
NUEVE_DE_JULIO,28/ENE/2022,15Hs,23.7,30,12,0.0,-35.43 -60.88
NUEVE_DE_JULIO,28/ENE/2022,18Hs,23.5,40,11,0.0,-35.43 -60.88
NUEVE_DE_JULIO,28/ENE/2022,21Hs,17.5,74,11,0.0,-35.43 -60.88
NUEVE_DE_JULIO,29/ENE/2022,00Hs,15.1,64,13,0.0,-35.43 -60.88
NUEVE_DE_JULIO,29/ENE/2022,03Hs,13.2,30,13,0.0,-35.43 -60.88
NUEVE_DE_JULIO,29/ENE/2022,06Hs,12.2,25,12,0.0,-35.43 -60.88
NUEVE_DE_JULIO,29/ENE/2022,09Hs,18.4,12,16,0.0,-35.43 -60.88
NUEVE_DE_JULIO,29/ENE/2022,12Hs,24.2,352,15,0.0,-35.43 -60.88
NUEVE_DE_JULIO,29/ENE/2022,15Hs,27.1,5,13,0.0,-35.43 -60.88
NUEVE_DE_JULIO,29/ENE/2022,18Hs,27.0,37,10,0.0,-35.43 -60.88
NUEVE_DE_JULIO,29/ENE/2022,21Hs,20.1,63,12,0.0,-35.43 -60.88
NUEVE_DE_JULIO,30/ENE/2022,00Hs,18.0,41,14,0.0,-35.43 -60.88
NUEVE_DE_JULIO,30/ENE/2022,03Hs,17.2,27,16,0.0,-35.43 -60.88
NUEVE_DE_JULIO,30/ENE/2022,06Hs,15.4,3,13,0.0,-35.43 -60.88
NUEVE_DE_JULIO,30/ENE/2022,09Hs,20.9,350,17,0.0,-35.43 -60.88
NUEVE_DE_JULIO,30/ENE/2022,12Hs,27.0,346,21,0.0,-35.43 -60.88
NUEVE_DE_JULIO,30/ENE/2022,15Hs,30.1,340,15,0.0,-35.43 -60.88
NUEVE_DE_JULIO,30/ENE/2022,18Hs,29.9,278,6,0.0,-35.43 -60.88
NUEVE_DE_JULIO,30/ENE/2022,21Hs,23.2,149,7,0.2,-35.43 -60.88
NUEVE_DE_JULIO,31/ENE/2022,00Hs,19.8,311,8,1.9,-35.43 -60.88
NUEVE_DE_JULIO,31/ENE/2022,03Hs,17.1,222,15,0.6,-35.43 -60.88
NUEVE_DE_JULIO,31/ENE/2022,06Hs,14.5,165,21,0.0,-35.43 -60.88
NUEVE_DE_JULIO,31/ENE/2022,09Hs,17.3,147,23,0.0,-35.43 -60.88
NUEVE_DE_JULIO,31/ENE/2022,12Hs,22.4,145,19,0.0,-35.43 -60.88
NUEVE_DE_JULIO,31/ENE/2022,15Hs,24.5,149,13,0.0,-35.43 -60.88
NUEVE_DE_JULIO,31/ENE/2022,18Hs,24.1,137,8,0.0,-35.43 -60.88
NUEVE_DE_JULIO,31/ENE/2022,21Hs,17.4,102,8,0.0,-35.43 -60.88
OBERA_AERO,27/ENE/2022,00Hs,21.9,50,1,0.0,-27.48 -55.13
OBERA_AERO,27/ENE/2022,03Hs,21.2,148,0,0.0,-27.48 -55.13
OBERA_AERO,27/ENE/2022,06Hs,21.0,282,1,0.0,-27.48 -55.13
OBERA_AERO,27/ENE/2022,09Hs,26.8,193,7,0.0,-27.48 -55.13
OBERA_AERO,27/ENE/2022,12Hs,23.6,193,9,2.8,-27.48 -55.13
OBERA_AERO,27/ENE/2022,15Hs,22.9,171,9,4.1,-27.48 -55.13
OBERA_AERO,27/ENE/2022,18Hs,21.3,153,10,2.1,-27.48 -55.13
OBERA_AERO,27/ENE/2022,21Hs,21.6,143,14,0.0,-27.48 -55.13
OBERA_AERO,28/ENE/2022,00Hs,20.7,135,12,0.0,-27.48 -55.13
OBERA_AERO,28/ENE/2022,03Hs,18.6,141,11,0.0,-27.48 -55.13
OBERA_AERO,28/ENE/2022,06Hs,17.0,143,10,0.0,-27.48 -55.13
OBERA_AERO,28/ENE/2022,09Hs,21.3,135,10,0.0,-27.48 -55.13
OBERA_AERO,28/ENE/2022,12Hs,24.1,152,9,0.0,-27.48 -55.13
OBERA_AERO,28/ENE/2022,15Hs,26.3,95,10,0.0,-27.48 -55.13
OBERA_AERO,28/ENE/2022,18Hs,25.6,96,10,0.0,-27.48 -55.13
OBERA_AERO,28/ENE/2022,21Hs,18.6,75,5,0.0,-27.48 -55.13
OBERA_AERO,29/ENE/2022,00Hs,16.8,127,5,0.0,-27.48 -55.13
OBERA_AERO,29/ENE/2022,03Hs,15.5,131,4,0.0,-27.48 -55.13
OBERA_AERO,29/ENE/2022,06Hs,14.6,114,3,0.0,-27.48 -55.13
OBERA_AERO,29/ENE/2022,09Hs,23.2,96,8,0.0,-27.48 -55.13
OBERA_AERO,29/ENE/2022,12Hs,29.9,135,8,0.0,-27.48 -55.13
OBERA_AERO,29/ENE/2022,15Hs,32.6,153,10,0.0,-27.48 -55.13
OBERA_AERO,29/ENE/2022,18Hs,31.5,154,7,0.0,-27.48 -55.13
OBERA_AERO,29/ENE/2022,21Hs,22.6,76,3,0.0,-27.48 -55.13
OBERA_AERO,30/ENE/2022,00Hs,19.1,357,4,0.0,-27.48 -55.13
OBERA_AERO,30/ENE/2022,03Hs,17.3,30,4,0.0,-27.48 -55.13
OBERA_AERO,30/ENE/2022,06Hs,15.9,34,4,0.0,-27.48 -55.13
OBERA_AERO,30/ENE/2022,09Hs,24.6,21,7,0.0,-27.48 -55.13
OBERA_AERO,30/ENE/2022,12Hs,33.3,35,4,0.0,-27.48 -55.13
OBERA_AERO,30/ENE/2022,15Hs,35.2,127,7,0.0,-27.48 -55.13
OBERA_AERO,30/ENE/2022,18Hs,33.4,88,9,0.0,-27.48 -55.13
OBERA_AERO,30/ENE/2022,21Hs,24.8,15,8,0.0,-27.48 -55.13
OBERA_AERO,31/ENE/2022,00Hs,24.7,356,12,0.0,-27.48 -55.13
OBERA_AERO,31/ENE/2022,03Hs,22.1,7,12,0.0,-27.48 -55.13
OBERA_AERO,31/ENE/2022,06Hs,19.8,26,7,0.0,-27.48 -55.13
OBERA_AERO,31/ENE/2022,09Hs,25.2,346,10,0.0,-27.48 -55.13
OBERA_AERO,31/ENE/2022,12Hs,32.7,337,7,0.0,-27.48 -55.13
OBERA_AERO,31/ENE/2022,15Hs,36.7,215,5,0.0,-27.48 -55.13
OBERA_AERO,31/ENE/2022,18Hs,30.9,18,6,0.0,-27.48 -55.13
OBERA_AERO,31/ENE/2022,21Hs,26.3,109,5,0.0,-27.48 -55.13
OLAVARRIA_AERO,27/ENE/2022,00Hs,12.2,140,17,0.0,-36.88 -60.22
OLAVARRIA_AERO,27/ENE/2022,03Hs,9.7,168,10,0.0,-36.88 -60.22
OLAVARRIA_AERO,27/ENE/2022,06Hs,9.2,168,11,0.0,-36.88 -60.22
OLAVARRIA_AERO,27/ENE/2022,09Hs,14.5,153,17,0.0,-36.88 -60.22
OLAVARRIA_AERO,27/ENE/2022,12Hs,18.9,138,15,0.0,-36.88 -60.22
OLAVARRIA_AERO,27/ENE/2022,15Hs,21.6,108,10,0.0,-36.88 -60.22
OLAVARRIA_AERO,27/ENE/2022,18Hs,21.3,66,11,0.0,-36.88 -60.22
OLAVARRIA_AERO,27/ENE/2022,21Hs,15.3,19,12,0.0,-36.88 -60.22
OLAVARRIA_AERO,28/ENE/2022,00Hs,13.4,4,9,0.0,-36.88 -60.22
OLAVARRIA_AERO,28/ENE/2022,03Hs,11.7,45,7,0.0,-36.88 -60.22
OLAVARRIA_AERO,28/ENE/2022,06Hs,10.4,27,9,0.0,-36.88 -60.22
OLAVARRIA_AERO,28/ENE/2022,09Hs,15.6,7,13,0.0,-36.88 -60.22
OLAVARRIA_AERO,28/ENE/2022,12Hs,20.3,354,15,0.0,-36.88 -60.22
OLAVARRIA_AERO,28/ENE/2022,15Hs,22.9,355,16,0.0,-36.88 -60.22
OLAVARRIA_AERO,28/ENE/2022,18Hs,22.4,7,14,0.0,-36.88 -60.22
OLAVARRIA_AERO,28/ENE/2022,21Hs,16.5,34,11,0.0,-36.88 -60.22
OLAVARRIA_AERO,29/ENE/2022,00Hs,14.6,37,12,0.0,-36.88 -60.22
OLAVARRIA_AERO,29/ENE/2022,03Hs,13.2,37,13,0.0,-36.88 -60.22
OLAVARRIA_AERO,29/ENE/2022,06Hs,12.1,12,12,0.0,-36.88 -60.22
OLAVARRIA_AERO,29/ENE/2022,09Hs,17.1,355,17,0.0,-36.88 -60.22
OLAVARRIA_AERO,29/ENE/2022,12Hs,23.2,345,20,0.0,-36.88 -60.22
OLAVARRIA_AERO,29/ENE/2022,15Hs,25.6,346,19,0.0,-36.88 -60.22
OLAVARRIA_AERO,29/ENE/2022,18Hs,25.0,359,14,0.0,-36.88 -60.22
OLAVARRIA_AERO,29/ENE/2022,21Hs,18.8,20,12,0.0,-36.88 -60.22
OLAVARRIA_AERO,30/ENE/2022,00Hs,17.6,23,12,0.0,-36.88 -60.22
OLAVARRIA_AERO,30/ENE/2022,03Hs,17.0,16,16,0.0,-36.88 -60.22
OLAVARRIA_AERO,30/ENE/2022,06Hs,15.8,7,17,0.0,-36.88 -60.22
OLAVARRIA_AERO,30/ENE/2022,09Hs,19.9,338,21,0.0,-36.88 -60.22
OLAVARRIA_AERO,30/ENE/2022,12Hs,25.9,340,24,0.0,-36.88 -60.22
OLAVARRIA_AERO,30/ENE/2022,15Hs,28.2,329,24,0.0,-36.88 -60.22
OLAVARRIA_AERO,30/ENE/2022,18Hs,27.3,343,18,0.0,-36.88 -60.22
OLAVARRIA_AERO,30/ENE/2022,21Hs,21.0,340,13,0.2,-36.88 -60.22
OLAVARRIA_AERO,31/ENE/2022,00Hs,17.0,152,19,0.0,-36.88 -60.22
OLAVARRIA_AERO,31/ENE/2022,03Hs,14.7,160,24,0.0,-36.88 -60.22
OLAVARRIA_AERO,31/ENE/2022,06Hs,13.6,157,22,0.0,-36.88 -60.22
OLAVARRIA_AERO,31/ENE/2022,09Hs,16.9,153,23,0.0,-36.88 -60.22
OLAVARRIA_AERO,31/ENE/2022,12Hs,21.0,158,16,0.0,-36.88 -60.22
OLAVARRIA_AERO,31/ENE/2022,15Hs,23.8,205,11,0.0,-36.88 -60.22
OLAVARRIA_AERO,31/ENE/2022,18Hs,23.4,244,8,0.0,-36.88 -60.22
OLAVARRIA_AERO,31/ENE/2022,21Hs,17.6,7,8,0.0,-36.88 -60.22
ORAN_AERO,27/ENE/2022,00Hs,25.5,168,7,0.2,-23.15 -64.33
ORAN_AERO,27/ENE/2022,03Hs,21.0,184,9,7.4,-23.15 -64.33
ORAN_AERO,27/ENE/2022,06Hs,20.4,194,7,6.6,-23.15 -64.33
ORAN_AERO,27/ENE/2022,09Hs,20.1,205,8,17.9,-23.15 -64.33
ORAN_AERO,27/ENE/2022,12Hs,19.8,212,5,53.1,-23.15 -64.33
ORAN_AERO,27/ENE/2022,15Hs,19.1,281,4,40.6,-23.15 -64.33
ORAN_AERO,27/ENE/2022,18Hs,19.0,256,2,5.3,-23.15 -64.33
ORAN_AERO,27/ENE/2022,21Hs,18.5,286,3,0.1,-23.15 -64.33
ORAN_AERO,28/ENE/2022,00Hs,19.0,154,4,1.6,-23.15 -64.33
ORAN_AERO,28/ENE/2022,03Hs,18.5,151,5,2.8,-23.15 -64.33
ORAN_AERO,28/ENE/2022,06Hs,18.3,293,3,0.6,-23.15 -64.33
ORAN_AERO,28/ENE/2022,09Hs,18.5,322,3,0.4,-23.15 -64.33
ORAN_AERO,28/ENE/2022,12Hs,19.0,353,2,0.1,-23.15 -64.33
ORAN_AERO,28/ENE/2022,15Hs,20.7,307,4,0.2,-23.15 -64.33
ORAN_AERO,28/ENE/2022,18Hs,24.4,243,4,0.0,-23.15 -64.33
ORAN_AERO,28/ENE/2022,21Hs,20.0,315,4,0.0,-23.15 -64.33
ORAN_AERO,29/ENE/2022,00Hs,20.1,321,4,0.0,-23.15 -64.33
ORAN_AERO,29/ENE/2022,03Hs,18.8,336,4,0.0,-23.15 -64.33
ORAN_AERO,29/ENE/2022,06Hs,18.3,339,2,0.0,-23.15 -64.33
ORAN_AERO,29/ENE/2022,09Hs,23.4,157,4,0.0,-23.15 -64.33
ORAN_AERO,29/ENE/2022,12Hs,29.1,170,7,0.0,-23.15 -64.33
ORAN_AERO,29/ENE/2022,15Hs,31.7,173,7,0.0,-23.15 -64.33
ORAN_AERO,29/ENE/2022,18Hs,30.9,170,6,0.0,-23.15 -64.33
ORAN_AERO,29/ENE/2022,21Hs,22.8,319,3,0.0,-23.15 -64.33
ORAN_AERO,30/ENE/2022,00Hs,22.0,323,4,0.0,-23.15 -64.33
ORAN_AERO,30/ENE/2022,03Hs,19.6,322,4,0.0,-23.15 -64.33
ORAN_AERO,30/ENE/2022,06Hs,18.7,324,4,0.0,-23.15 -64.33
ORAN_AERO,30/ENE/2022,09Hs,24.6,314,3,0.0,-23.15 -64.33
ORAN_AERO,30/ENE/2022,12Hs,33.0,130,5,0.0,-23.15 -64.33
ORAN_AERO,30/ENE/2022,15Hs,34.6,118,10,0.0,-23.15 -64.33
ORAN_AERO,30/ENE/2022,18Hs,33.3,102,9,0.0,-23.15 -64.33
ORAN_AERO,30/ENE/2022,21Hs,25.5,312,3,0.0,-23.15 -64.33
ORAN_AERO,31/ENE/2022,00Hs,24.3,313,5,0.0,-23.15 -64.33
ORAN_AERO,31/ENE/2022,03Hs,23.3,270,4,0.0,-23.15 -64.33
ORAN_AERO,31/ENE/2022,06Hs,22.3,53,5,0.0,-23.15 -64.33
ORAN_AERO,31/ENE/2022,09Hs,25.9,313,2,0.0,-23.15 -64.33
ORAN_AERO,31/ENE/2022,12Hs,32.5,162,9,0.0,-23.15 -64.33
ORAN_AERO,31/ENE/2022,15Hs,33.6,115,10,0.0,-23.15 -64.33
ORAN_AERO,31/ENE/2022,18Hs,22.5,263,6,0.1,-23.15 -64.33
ORAN_AERO,31/ENE/2022,21Hs,20.6,194,7,0.2,-23.15 -64.33
PARANA_AERO,27/ENE/2022,00Hs,20.0,136,31,0.0,-31.78 -60.48
PARANA_AERO,27/ENE/2022,03Hs,18.1,154,26,0.0,-31.78 -60.48
PARANA_AERO,27/ENE/2022,06Hs,14.0,152,23,0.0,-31.78 -60.48
PARANA_AERO,27/ENE/2022,09Hs,16.1,139,25,0.0,-31.78 -60.48
PARANA_AERO,27/ENE/2022,12Hs,21.5,141,23,0.0,-31.78 -60.48
PARANA_AERO,27/ENE/2022,15Hs,24.1,144,22,0.0,-31.78 -60.48
PARANA_AERO,27/ENE/2022,18Hs,23.4,129,17,0.0,-31.78 -60.48
PARANA_AERO,27/ENE/2022,21Hs,18.9,109,13,0.0,-31.78 -60.48
PARANA_AERO,28/ENE/2022,00Hs,16.2,119,16,0.0,-31.78 -60.48
PARANA_AERO,28/ENE/2022,03Hs,13.7,115,12,0.0,-31.78 -60.48
PARANA_AERO,28/ENE/2022,06Hs,12.3,110,12,0.0,-31.78 -60.48
PARANA_AERO,28/ENE/2022,09Hs,17.7,95,15,0.0,-31.78 -60.48
PARANA_AERO,28/ENE/2022,12Hs,23.1,81,12,0.0,-31.78 -60.48
PARANA_AERO,28/ENE/2022,15Hs,25.9,99,10,0.0,-31.78 -60.48
PARANA_AERO,28/ENE/2022,18Hs,26.0,104,10,0.0,-31.78 -60.48
PARANA_AERO,28/ENE/2022,21Hs,19.6,105,11,0.0,-31.78 -60.48
PARANA_AERO,29/ENE/2022,00Hs,17.3,82,12,0.0,-31.78 -60.48
PARANA_AERO,29/ENE/2022,03Hs,16.2,85,13,0.0,-31.78 -60.48
PARANA_AERO,29/ENE/2022,06Hs,15.2,79,12,0.0,-31.78 -60.48
PARANA_AERO,29/ENE/2022,09Hs,20.9,54,16,0.0,-31.78 -60.48
PARANA_AERO,29/ENE/2022,12Hs,27.1,42,12,0.0,-31.78 -60.48
PARANA_AERO,29/ENE/2022,15Hs,29.6,49,10,0.0,-31.78 -60.48
PARANA_AERO,29/ENE/2022,18Hs,29.2,69,12,0.0,-31.78 -60.48
PARANA_AERO,29/ENE/2022,21Hs,22.7,52,11,0.0,-31.78 -60.48
PARANA_AERO,30/ENE/2022,00Hs,20.3,68,12,0.0,-31.78 -60.48
PARANA_AERO,30/ENE/2022,03Hs,18.3,72,13,0.0,-31.78 -60.48
PARANA_AERO,30/ENE/2022,06Hs,17.2,60,15,0.0,-31.78 -60.48
PARANA_AERO,30/ENE/2022,09Hs,23.3,29,20,0.0,-31.78 -60.48
PARANA_AERO,30/ENE/2022,12Hs,29.6,6,16,0.0,-31.78 -60.48
PARANA_AERO,30/ENE/2022,15Hs,32.3,346,11,0.0,-31.78 -60.48
PARANA_AERO,30/ENE/2022,18Hs,32.0,339,7,0.0,-31.78 -60.48
PARANA_AERO,30/ENE/2022,21Hs,24.5,40,7,0.0,-31.78 -60.48
PARANA_AERO,31/ENE/2022,00Hs,23.3,42,6,0.0,-31.78 -60.48
PARANA_AERO,31/ENE/2022,03Hs,21.4,27,10,0.0,-31.78 -60.48
PARANA_AERO,31/ENE/2022,06Hs,21.5,207,7,0.0,-31.78 -60.48
PARANA_AERO,31/ENE/2022,09Hs,24.8,162,7,0.0,-31.78 -60.48
PARANA_AERO,31/ENE/2022,12Hs,30.3,168,9,0.0,-31.78 -60.48
PARANA_AERO,31/ENE/2022,15Hs,33.7,196,7,0.0,-31.78 -60.48
PARANA_AERO,31/ENE/2022,18Hs,33.3,111,7,0.0,-31.78 -60.48
PARANA_AERO,31/ENE/2022,21Hs,25.9,146,15,0.0,-31.78 -60.48
PASO_DE_INDIOS,27/ENE/2022,00Hs,17.1,63,39,0.0,-43.7 -69.05
PASO_DE_INDIOS,27/ENE/2022,03Hs,15.4,70,22,0.0,-43.7 -69.05
PASO_DE_INDIOS,27/ENE/2022,06Hs,14.5,102,5,0.0,-43.7 -69.05
PASO_DE_INDIOS,27/ENE/2022,09Hs,21.6,323,23,0.0,-43.7 -69.05
PASO_DE_INDIOS,27/ENE/2022,12Hs,26.9,317,40,0.0,-43.7 -69.05
PASO_DE_INDIOS,27/ENE/2022,15Hs,29.8,313,30,0.0,-43.7 -69.05
PASO_DE_INDIOS,27/ENE/2022,18Hs,31.1,300,25,0.0,-43.7 -69.05
PASO_DE_INDIOS,27/ENE/2022,21Hs,29.0,317,15,0.0,-43.7 -69.05
PASO_DE_INDIOS,28/ENE/2022,00Hs,26.3,282,19,0.0,-43.7 -69.05
PASO_DE_INDIOS,28/ENE/2022,03Hs,23.6,277,18,0.0,-43.7 -69.05
PASO_DE_INDIOS,28/ENE/2022,06Hs,22.3,281,14,0.0,-43.7 -69.05
PASO_DE_INDIOS,28/ENE/2022,09Hs,25.5,267,8,0.0,-43.7 -69.05
PASO_DE_INDIOS,28/ENE/2022,12Hs,27.9,209,8,0.0,-43.7 -69.05
PASO_DE_INDIOS,28/ENE/2022,15Hs,30.3,245,5,0.0,-43.7 -69.05
PASO_DE_INDIOS,28/ENE/2022,18Hs,32.1,249,27,0.0,-43.7 -69.05
PASO_DE_INDIOS,28/ENE/2022,21Hs,29.3,211,28,0.0,-43.7 -69.05
PASO_DE_INDIOS,29/ENE/2022,00Hs,25.2,223,31,0.0,-43.7 -69.05
PASO_DE_INDIOS,29/ENE/2022,03Hs,21.7,213,16,0.0,-43.7 -69.05
PASO_DE_INDIOS,29/ENE/2022,06Hs,19.8,239,12,0.0,-43.7 -69.05
PASO_DE_INDIOS,29/ENE/2022,09Hs,23.2,253,19,0.0,-43.7 -69.05
PASO_DE_INDIOS,29/ENE/2022,12Hs,26.7,254,28,0.0,-43.7 -69.05
PASO_DE_INDIOS,29/ENE/2022,15Hs,28.9,258,30,0.0,-43.7 -69.05
PASO_DE_INDIOS,29/ENE/2022,18Hs,28.3,259,38,0.0,-43.7 -69.05
PASO_DE_INDIOS,29/ENE/2022,21Hs,23.9,255,38,0.0,-43.7 -69.05
PASO_DE_INDIOS,30/ENE/2022,00Hs,19.5,265,34,0.0,-43.7 -69.05
PASO_DE_INDIOS,30/ENE/2022,03Hs,17.3,275,36,0.0,-43.7 -69.05
PASO_DE_INDIOS,30/ENE/2022,06Hs,14.0,240,36,0.0,-43.7 -69.05
PASO_DE_INDIOS,30/ENE/2022,09Hs,13.5,240,45,0.4,-43.7 -69.05
PASO_DE_INDIOS,30/ENE/2022,12Hs,15.2,227,40,0.0,-43.7 -69.05
PASO_DE_INDIOS,30/ENE/2022,15Hs,17.3,225,38,0.0,-43.7 -69.05
PASO_DE_INDIOS,30/ENE/2022,18Hs,13.7,211,40,0.1,-43.7 -69.05
PASO_DE_INDIOS,30/ENE/2022,21Hs,14.6,211,27,0.0,-43.7 -69.05
PASO_DE_INDIOS,31/ENE/2022,00Hs,11.7,247,38,0.0,-43.7 -69.05
PASO_DE_INDIOS,31/ENE/2022,03Hs,11.3,257,26,0.0,-43.7 -69.05
PASO_DE_INDIOS,31/ENE/2022,06Hs,9.9,262,19,0.0,-43.7 -69.05
PASO_DE_INDIOS,31/ENE/2022,09Hs,12.5,265,33,0.0,-43.7 -69.05
PASO_DE_INDIOS,31/ENE/2022,12Hs,17.3,250,43,0.0,-43.7 -69.05
PASO_DE_INDIOS,31/ENE/2022,15Hs,22.1,241,44,0.0,-43.7 -69.05
PASO_DE_INDIOS,31/ENE/2022,18Hs,21.4,244,55,0.0,-43.7 -69.05
PASO_DE_INDIOS,31/ENE/2022,21Hs,16.8,242,47,0.0,-43.7 -69.05
PASO_DE_LOS_LIBRES_AERO,27/ENE/2022,00Hs,22.8,151,20,0.0,-43.7 -69.05
PASO_DE_LOS_LIBRES_AERO,27/ENE/2022,03Hs,21.1,167,21,0.0,-43.7 -69.05
PASO_DE_LOS_LIBRES_AERO,27/ENE/2022,06Hs,21.5,151,26,0.0,-43.7 -69.05
PASO_DE_LOS_LIBRES_AERO,27/ENE/2022,09Hs,22.0,151,31,0.0,-43.7 -69.05
PASO_DE_LOS_LIBRES_AERO,27/ENE/2022,12Hs,27.4,136,29,0.0,-43.7 -69.05
PASO_DE_LOS_LIBRES_AERO,27/ENE/2022,15Hs,32.1,153,30,0.0,-43.7 -69.05
PASO_DE_LOS_LIBRES_AERO,27/ENE/2022,18Hs,30.4,159,30,0.0,-43.7 -69.05
PASO_DE_LOS_LIBRES_AERO,27/ENE/2022,21Hs,23.8,150,27,0.0,-43.7 -69.05
PASO_DE_LOS_LIBRES_AERO,28/ENE/2022,00Hs,20.8,134,25,0.0,-43.7 -69.05
PASO_DE_LOS_LIBRES_AERO,28/ENE/2022,03Hs,18.9,105,20,0.0,-43.7 -69.05
PASO_DE_LOS_LIBRES_AERO,28/ENE/2022,06Hs,16.2,122,16,0.0,-43.7 -69.05
PASO_DE_LOS_LIBRES_AERO,28/ENE/2022,09Hs,22.2,111,24,0.0,-43.7 -69.05
PASO_DE_LOS_LIBRES_AERO,28/ENE/2022,12Hs,28.5,118,20,0.0,-43.7 -69.05
PASO_DE_LOS_LIBRES_AERO,28/ENE/2022,15Hs,32.0,129,18,0.0,-43.7 -69.05
PASO_DE_LOS_LIBRES_AERO,28/ENE/2022,18Hs,31.7,137,22,0.0,-43.7 -69.05
PASO_DE_LOS_LIBRES_AERO,28/ENE/2022,21Hs,23.9,154,21,0.0,-43.7 -69.05
PASO_DE_LOS_LIBRES_AERO,29/ENE/2022,00Hs,21.8,122,26,0.0,-43.7 -69.05
PASO_DE_LOS_LIBRES_AERO,29/ENE/2022,03Hs,18.9,89,24,0.0,-43.7 -69.05
PASO_DE_LOS_LIBRES_AERO,29/ENE/2022,06Hs,16.6,99,17,0.0,-43.7 -69.05
PASO_DE_LOS_LIBRES_AERO,29/ENE/2022,09Hs,23.2,89,22,0.0,-43.7 -69.05
PASO_DE_LOS_LIBRES_AERO,29/ENE/2022,12Hs,30.2,104,19,0.0,-43.7 -69.05
PASO_DE_LOS_LIBRES_AERO,29/ENE/2022,15Hs,33.9,107,19,0.0,-43.7 -69.05
PASO_DE_LOS_LIBRES_AERO,29/ENE/2022,18Hs,33.3,97,21,0.0,-43.7 -69.05
PASO_DE_LOS_LIBRES_AERO,29/ENE/2022,21Hs,24.9,71,16,0.0,-43.7 -69.05
PASO_DE_LOS_LIBRES_AERO,30/ENE/2022,00Hs,22.0,101,21,0.0,-43.7 -69.05
PASO_DE_LOS_LIBRES_AERO,30/ENE/2022,03Hs,20.0,82,24,0.0,-43.7 -69.05
PASO_DE_LOS_LIBRES_AERO,30/ENE/2022,06Hs,17.3,95,19,0.0,-43.7 -69.05
PASO_DE_LOS_LIBRES_AERO,30/ENE/2022,09Hs,24.6,68,21,0.0,-43.7 -69.05
PASO_DE_LOS_LIBRES_AERO,30/ENE/2022,12Hs,32.5,64,13,0.0,-43.7 -69.05
PASO_DE_LOS_LIBRES_AERO,30/ENE/2022,15Hs,35.5,100,9,0.0,-43.7 -69.05
PASO_DE_LOS_LIBRES_AERO,30/ENE/2022,18Hs,36.4,134,12,0.0,-43.7 -69.05
PASO_DE_LOS_LIBRES_AERO,30/ENE/2022,21Hs,28.0,112,15,0.0,-43.7 -69.05
PASO_DE_LOS_LIBRES_AERO,31/ENE/2022,00Hs,25.0,107,16,0.0,-43.7 -69.05
PASO_DE_LOS_LIBRES_AERO,31/ENE/2022,03Hs,23.3,89,16,0.0,-43.7 -69.05
PASO_DE_LOS_LIBRES_AERO,31/ENE/2022,06Hs,21.2,57,15,0.0,-43.7 -69.05
PASO_DE_LOS_LIBRES_AERO,31/ENE/2022,09Hs,30.2,345,22,0.0,-43.7 -69.05
PASO_DE_LOS_LIBRES_AERO,31/ENE/2022,12Hs,37.1,306,17,0.0,-43.7 -69.05
PASO_DE_LOS_LIBRES_AERO,31/ENE/2022,15Hs,40.1,225,14,0.0,-43.7 -69.05
PASO_DE_LOS_LIBRES_AERO,31/ENE/2022,18Hs,38.9,189,29,0.0,-43.7 -69.05
PASO_DE_LOS_LIBRES_AERO,31/ENE/2022,21Hs,30.1,143,12,0.0,-43.7 -69.05
PCIA._ROQUE_SAENZ_PEÑA_AERO,27/ENE/2022,00Hs,24.8,140,8,0.0,None
PCIA._ROQUE_SAENZ_PEÑA_AERO,27/ENE/2022,03Hs,23.1,202,11,0.0,None
PCIA._ROQUE_SAENZ_PEÑA_AERO,27/ENE/2022,06Hs,23.5,177,16,0.5,None
PCIA._ROQUE_SAENZ_PEÑA_AERO,27/ENE/2022,09Hs,22.5,145,16,0.8,None
PCIA._ROQUE_SAENZ_PEÑA_AERO,27/ENE/2022,12Hs,26.0,132,16,0.5,None
PCIA._ROQUE_SAENZ_PEÑA_AERO,27/ENE/2022,15Hs,27.9,153,17,0.2,None
PCIA._ROQUE_SAENZ_PEÑA_AERO,27/ENE/2022,18Hs,28.1,167,18,0.0,None
PCIA._ROQUE_SAENZ_PEÑA_AERO,27/ENE/2022,21Hs,26.9,157,14,0.0,None
PCIA._ROQUE_SAENZ_PEÑA_AERO,28/ENE/2022,00Hs,24.7,167,15,0.0,None
PCIA._ROQUE_SAENZ_PEÑA_AERO,28/ENE/2022,03Hs,23.2,163,15,0.0,None
PCIA._ROQUE_SAENZ_PEÑA_AERO,28/ENE/2022,06Hs,19.5,186,9,0.0,None
PCIA._ROQUE_SAENZ_PEÑA_AERO,28/ENE/2022,09Hs,23.4,151,11,0.0,None
PCIA._ROQUE_SAENZ_PEÑA_AERO,28/ENE/2022,12Hs,31.0,167,11,0.0,None
PCIA._ROQUE_SAENZ_PEÑA_AERO,28/ENE/2022,15Hs,34.7,169,12,0.0,None
PCIA._ROQUE_SAENZ_PEÑA_AERO,28/ENE/2022,18Hs,34.4,165,16,0.0,None
PCIA._ROQUE_SAENZ_PEÑA_AERO,28/ENE/2022,21Hs,25.7,164,10,0.0,None
PCIA._ROQUE_SAENZ_PEÑA_AERO,29/ENE/2022,00Hs,21.4,178,10,0.0,None
PCIA._ROQUE_SAENZ_PEÑA_AERO,29/ENE/2022,03Hs,18.6,169,8,0.0,None
PCIA._ROQUE_SAENZ_PEÑA_AERO,29/ENE/2022,06Hs,16.9,149,8,0.0,None
PCIA._ROQUE_SAENZ_PEÑA_AERO,29/ENE/2022,09Hs,25.4,116,11,0.0,None
PCIA._ROQUE_SAENZ_PEÑA_AERO,29/ENE/2022,12Hs,34.4,146,10,0.0,None
PCIA._ROQUE_SAENZ_PEÑA_AERO,29/ENE/2022,15Hs,37.4,159,12,0.0,None
PCIA._ROQUE_SAENZ_PEÑA_AERO,29/ENE/2022,18Hs,37.0,150,12,0.0,None
PCIA._ROQUE_SAENZ_PEÑA_AERO,29/ENE/2022,21Hs,27.0,113,9,0.0,None
PCIA._ROQUE_SAENZ_PEÑA_AERO,30/ENE/2022,00Hs,24.1,109,8,0.0,None
PCIA._ROQUE_SAENZ_PEÑA_AERO,30/ENE/2022,03Hs,21.3,108,7,0.0,None
PCIA._ROQUE_SAENZ_PEÑA_AERO,30/ENE/2022,06Hs,19.5,90,7,0.0,None
PCIA._ROQUE_SAENZ_PEÑA_AERO,30/ENE/2022,09Hs,28.0,52,12,0.0,None
PCIA._ROQUE_SAENZ_PEÑA_AERO,30/ENE/2022,12Hs,37.2,40,11,0.0,None
PCIA._ROQUE_SAENZ_PEÑA_AERO,30/ENE/2022,15Hs,41.9,69,5,0.0,None
PCIA._ROQUE_SAENZ_PEÑA_AERO,30/ENE/2022,18Hs,39.9,81,6,0.0,None
PCIA._ROQUE_SAENZ_PEÑA_AERO,30/ENE/2022,21Hs,31.1,91,9,0.0,None
PCIA._ROQUE_SAENZ_PEÑA_AERO,31/ENE/2022,00Hs,26.7,87,10,0.0,None
PCIA._ROQUE_SAENZ_PEÑA_AERO,31/ENE/2022,03Hs,26.2,70,8,0.0,None
PCIA._ROQUE_SAENZ_PEÑA_AERO,31/ENE/2022,06Hs,23.4,87,9,0.0,None
PCIA._ROQUE_SAENZ_PEÑA_AERO,31/ENE/2022,09Hs,30.6,20,16,0.0,None
PCIA._ROQUE_SAENZ_PEÑA_AERO,31/ENE/2022,12Hs,38.2,343,12,0.0,None
PCIA._ROQUE_SAENZ_PEÑA_AERO,31/ENE/2022,15Hs,34.2,320,28,0.1,None
PCIA._ROQUE_SAENZ_PEÑA_AERO,31/ENE/2022,18Hs,20.7,128,13,35.3,None
PCIA._ROQUE_SAENZ_PEÑA_AERO,31/ENE/2022,21Hs,19.8,44,13,0.4,None
PEHUAJO_AERO,27/ENE/2022,00Hs,14.8,123,17,0.0,-35.83 -61.87
PEHUAJO_AERO,27/ENE/2022,03Hs,11.4,139,10,0.0,-35.83 -61.87
PEHUAJO_AERO,27/ENE/2022,06Hs,9.6,142,11,0.0,-35.83 -61.87
PEHUAJO_AERO,27/ENE/2022,09Hs,14.8,120,18,0.0,-35.83 -61.87
PEHUAJO_AERO,27/ENE/2022,12Hs,19.7,114,16,0.0,-35.83 -61.87
PEHUAJO_AERO,27/ENE/2022,15Hs,22.3,110,14,0.0,-35.83 -61.87
PEHUAJO_AERO,27/ENE/2022,18Hs,21.5,87,14,0.0,-35.83 -61.87
PEHUAJO_AERO,27/ENE/2022,21Hs,16.0,73,10,0.0,-35.83 -61.87
PEHUAJO_AERO,28/ENE/2022,00Hs,13.4,24,12,0.0,-35.83 -61.87
PEHUAJO_AERO,28/ENE/2022,03Hs,12.1,32,10,0.0,-35.83 -61.87
PEHUAJO_AERO,28/ENE/2022,06Hs,10.6,36,12,0.0,-35.83 -61.87
PEHUAJO_AERO,28/ENE/2022,09Hs,16.7,23,15,0.0,-35.83 -61.87
PEHUAJO_AERO,28/ENE/2022,12Hs,21.9,14,17,0.0,-35.83 -61.87
PEHUAJO_AERO,28/ENE/2022,15Hs,24.6,22,15,0.0,-35.83 -61.87
PEHUAJO_AERO,28/ENE/2022,18Hs,24.3,27,14,0.0,-35.83 -61.87
PEHUAJO_AERO,28/ENE/2022,21Hs,17.8,60,13,0.0,-35.83 -61.87
PEHUAJO_AERO,29/ENE/2022,00Hs,15.4,52,13,0.0,-35.83 -61.87
PEHUAJO_AERO,29/ENE/2022,03Hs,13.7,33,14,0.0,-35.83 -61.87
PEHUAJO_AERO,29/ENE/2022,06Hs,12.8,27,14,0.0,-35.83 -61.87
PEHUAJO_AERO,29/ENE/2022,09Hs,18.6,359,18,0.0,-35.83 -61.87
PEHUAJO_AERO,29/ENE/2022,12Hs,25.1,359,20,0.0,-35.83 -61.87
PEHUAJO_AERO,29/ENE/2022,15Hs,28.2,8,18,0.0,-35.83 -61.87
PEHUAJO_AERO,29/ENE/2022,18Hs,27.8,24,16,0.0,-35.83 -61.87
PEHUAJO_AERO,29/ENE/2022,21Hs,21.1,53,14,0.0,-35.83 -61.87
PEHUAJO_AERO,30/ENE/2022,00Hs,18.6,41,12,0.0,-35.83 -61.87
PEHUAJO_AERO,30/ENE/2022,03Hs,16.8,26,13,0.0,-35.83 -61.87
PEHUAJO_AERO,30/ENE/2022,06Hs,16.3,4,12,0.0,-35.83 -61.87
PEHUAJO_AERO,30/ENE/2022,09Hs,21.8,352,19,0.0,-35.83 -61.87
PEHUAJO_AERO,30/ENE/2022,12Hs,28.3,341,24,0.0,-35.83 -61.87
PEHUAJO_AERO,30/ENE/2022,15Hs,30.9,335,16,0.0,-35.83 -61.87
PEHUAJO_AERO,30/ENE/2022,18Hs,31.0,326,9,0.0,-35.83 -61.87
PEHUAJO_AERO,30/ENE/2022,21Hs,24.0,220,5,0.1,-35.83 -61.87
PEHUAJO_AERO,31/ENE/2022,00Hs,18.9,344,11,1.2,-35.83 -61.87
PEHUAJO_AERO,31/ENE/2022,03Hs,15.5,168,17,0.0,-35.83 -61.87
PEHUAJO_AERO,31/ENE/2022,06Hs,13.8,159,17,0.0,-35.83 -61.87
PEHUAJO_AERO,31/ENE/2022,09Hs,18.0,140,22,0.0,-35.83 -61.87
PEHUAJO_AERO,31/ENE/2022,12Hs,22.7,133,17,0.0,-35.83 -61.87
PEHUAJO_AERO,31/ENE/2022,15Hs,25.5,120,10,0.0,-35.83 -61.87
PEHUAJO_AERO,31/ENE/2022,18Hs,25.4,118,8,0.0,-35.83 -61.87
PEHUAJO_AERO,31/ENE/2022,21Hs,18.1,58,9,0.0,-35.83 -61.87
PERITO_MORENO_AERO,27/ENE/2022,00Hs,18.3,293,3,0.0,-46.53 -70.98
PERITO_MORENO_AERO,27/ENE/2022,03Hs,16.7,215,2,0.0,-46.53 -70.98
PERITO_MORENO_AERO,27/ENE/2022,06Hs,15.3,264,4,0.0,-46.53 -70.98
PERITO_MORENO_AERO,27/ENE/2022,09Hs,17.8,309,7,0.0,-46.53 -70.98
PERITO_MORENO_AERO,27/ENE/2022,12Hs,22.4,277,13,0.0,-46.53 -70.98
PERITO_MORENO_AERO,27/ENE/2022,15Hs,25.9,266,16,0.0,-46.53 -70.98
PERITO_MORENO_AERO,27/ENE/2022,18Hs,27.6,264,13,0.0,-46.53 -70.98
PERITO_MORENO_AERO,27/ENE/2022,21Hs,24.3,312,18,0.0,-46.53 -70.98
PERITO_MORENO_AERO,28/ENE/2022,00Hs,19.9,296,18,0.0,-46.53 -70.98
PERITO_MORENO_AERO,28/ENE/2022,03Hs,17.2,294,15,0.0,-46.53 -70.98
PERITO_MORENO_AERO,28/ENE/2022,06Hs,15.7,322,9,0.0,-46.53 -70.98
PERITO_MORENO_AERO,28/ENE/2022,09Hs,17.0,294,8,0.0,-46.53 -70.98
PERITO_MORENO_AERO,28/ENE/2022,12Hs,22.5,272,16,0.0,-46.53 -70.98
PERITO_MORENO_AERO,28/ENE/2022,15Hs,26.3,283,26,0.0,-46.53 -70.98
PERITO_MORENO_AERO,28/ENE/2022,18Hs,26.1,274,41,0.0,-46.53 -70.98
PERITO_MORENO_AERO,28/ENE/2022,21Hs,21.4,281,40,0.0,-46.53 -70.98
PERITO_MORENO_AERO,29/ENE/2022,00Hs,18.5,289,32,0.0,-46.53 -70.98
PERITO_MORENO_AERO,29/ENE/2022,03Hs,15.6,288,31,0.0,-46.53 -70.98
PERITO_MORENO_AERO,29/ENE/2022,06Hs,14.6,290,27,0.0,-46.53 -70.98
PERITO_MORENO_AERO,29/ENE/2022,09Hs,16.2,290,33,0.0,-46.53 -70.98
PERITO_MORENO_AERO,29/ENE/2022,12Hs,18.6,285,40,0.0,-46.53 -70.98
PERITO_MORENO_AERO,29/ENE/2022,15Hs,20.3,271,44,0.0,-46.53 -70.98
PERITO_MORENO_AERO,29/ENE/2022,18Hs,19.5,285,36,0.0,-46.53 -70.98
PERITO_MORENO_AERO,29/ENE/2022,21Hs,12.9,287,36,0.0,-46.53 -70.98
PERITO_MORENO_AERO,30/ENE/2022,00Hs,8.4,288,51,0.0,-46.53 -70.98
PERITO_MORENO_AERO,30/ENE/2022,03Hs,8.3,287,41,0.0,-46.53 -70.98
PERITO_MORENO_AERO,30/ENE/2022,06Hs,7.5,286,36,0.0,-46.53 -70.98
PERITO_MORENO_AERO,30/ENE/2022,09Hs,9.2,280,34,0.0,-46.53 -70.98
PERITO_MORENO_AERO,30/ENE/2022,12Hs,12.0,284,38,0.0,-46.53 -70.98
PERITO_MORENO_AERO,30/ENE/2022,15Hs,14.2,286,42,0.0,-46.53 -70.98
PERITO_MORENO_AERO,30/ENE/2022,18Hs,15.1,284,43,0.0,-46.53 -70.98
PERITO_MORENO_AERO,30/ENE/2022,21Hs,11.2,278,45,0.0,-46.53 -70.98
PERITO_MORENO_AERO,31/ENE/2022,00Hs,8.5,285,44,0.0,-46.53 -70.98
PERITO_MORENO_AERO,31/ENE/2022,03Hs,7.2,279,43,0.0,-46.53 -70.98
PERITO_MORENO_AERO,31/ENE/2022,06Hs,6.4,281,45,0.0,-46.53 -70.98
PERITO_MORENO_AERO,31/ENE/2022,09Hs,7.8,282,49,0.0,-46.53 -70.98
PERITO_MORENO_AERO,31/ENE/2022,12Hs,11.2,275,49,0.0,-46.53 -70.98
PERITO_MORENO_AERO,31/ENE/2022,15Hs,14.3,277,56,0.0,-46.53 -70.98
PERITO_MORENO_AERO,31/ENE/2022,18Hs,14.3,277,54,0.0,-46.53 -70.98
PERITO_MORENO_AERO,31/ENE/2022,21Hs,11.8,275,48,0.0,-46.53 -70.98
PIGUE_AERO,27/ENE/2022,00Hs,12.6,124,10,0.0,-37.6 -62.38
PIGUE_AERO,27/ENE/2022,03Hs,10.8,93,2,0.0,-37.6 -62.38
PIGUE_AERO,27/ENE/2022,06Hs,9.7,111,4,0.0,-37.6 -62.38
PIGUE_AERO,27/ENE/2022,09Hs,16.8,140,11,0.0,-37.6 -62.38
PIGUE_AERO,27/ENE/2022,12Hs,23.1,154,16,0.0,-37.6 -62.38
PIGUE_AERO,27/ENE/2022,15Hs,26.2,146,15,0.0,-37.6 -62.38
PIGUE_AERO,27/ENE/2022,18Hs,26.3,105,10,0.0,-37.6 -62.38
PIGUE_AERO,27/ENE/2022,21Hs,18.5,30,15,0.0,-37.6 -62.38
PIGUE_AERO,28/ENE/2022,00Hs,14.6,3,12,0.0,-37.6 -62.38
PIGUE_AERO,28/ENE/2022,03Hs,12.8,11,13,0.0,-37.6 -62.38
PIGUE_AERO,28/ENE/2022,06Hs,11.7,17,14,0.0,-37.6 -62.38
PIGUE_AERO,28/ENE/2022,09Hs,18.0,9,23,0.0,-37.6 -62.38
PIGUE_AERO,28/ENE/2022,12Hs,24.1,3,24,0.0,-37.6 -62.38
PIGUE_AERO,28/ENE/2022,15Hs,27.7,359,23,0.0,-37.6 -62.38
PIGUE_AERO,28/ENE/2022,18Hs,27.2,1,21,0.0,-37.6 -62.38
PIGUE_AERO,28/ENE/2022,21Hs,20.2,20,21,0.0,-37.6 -62.38
PIGUE_AERO,29/ENE/2022,00Hs,17.6,24,26,0.0,-37.6 -62.38
PIGUE_AERO,29/ENE/2022,03Hs,15.9,15,23,0.0,-37.6 -62.38
PIGUE_AERO,29/ENE/2022,06Hs,15.0,15,22,0.0,-37.6 -62.38
PIGUE_AERO,29/ENE/2022,09Hs,20.2,7,27,0.0,-37.6 -62.38
PIGUE_AERO,29/ENE/2022,12Hs,27.8,350,27,0.0,-37.6 -62.38
PIGUE_AERO,29/ENE/2022,15Hs,31.3,346,28,0.0,-37.6 -62.38
PIGUE_AERO,29/ENE/2022,18Hs,30.4,17,26,0.0,-37.6 -62.38
PIGUE_AERO,29/ENE/2022,21Hs,21.2,329,22,0.3,-37.6 -62.38
PIGUE_AERO,30/ENE/2022,00Hs,20.9,17,25,0.0,-37.6 -62.38
PIGUE_AERO,30/ENE/2022,03Hs,18.5,12,22,0.2,-37.6 -62.38
PIGUE_AERO,30/ENE/2022,06Hs,16.5,352,16,0.0,-37.6 -62.38
PIGUE_AERO,30/ENE/2022,09Hs,22.8,325,17,0.0,-37.6 -62.38
PIGUE_AERO,30/ENE/2022,12Hs,30.2,249,21,0.0,-37.6 -62.38
PIGUE_AERO,30/ENE/2022,15Hs,30.7,246,20,0.0,-37.6 -62.38
PIGUE_AERO,30/ENE/2022,18Hs,28.0,243,28,0.0,-37.6 -62.38
PIGUE_AERO,30/ENE/2022,21Hs,21.9,279,13,0.0,-37.6 -62.38
PIGUE_AERO,31/ENE/2022,00Hs,14.5,143,23,0.0,-37.6 -62.38
PIGUE_AERO,31/ENE/2022,03Hs,13.5,152,21,0.0,-37.6 -62.38
PIGUE_AERO,31/ENE/2022,06Hs,11.8,162,14,0.0,-37.6 -62.38
PIGUE_AERO,31/ENE/2022,09Hs,16.8,159,20,0.0,-37.6 -62.38
PIGUE_AERO,31/ENE/2022,12Hs,22.1,197,15,0.0,-37.6 -62.38
PIGUE_AERO,31/ENE/2022,15Hs,25.0,230,15,0.0,-37.6 -62.38
PIGUE_AERO,31/ENE/2022,18Hs,25.4,241,17,0.0,-37.6 -62.38
PIGUE_AERO,31/ENE/2022,21Hs,18.5,132,5,0.0,-37.6 -62.38
PILAR_OBS,27/ENE/2022,00Hs,18.1,169,12,0.0,-31.67 -63.88
PILAR_OBS,27/ENE/2022,03Hs,17.5,170,14,0.0,-31.67 -63.88
PILAR_OBS,27/ENE/2022,06Hs,17.1,144,18,0.0,-31.67 -63.88
PILAR_OBS,27/ENE/2022,09Hs,16.2,147,17,0.0,-31.67 -63.88
PILAR_OBS,27/ENE/2022,12Hs,19.3,149,12,0.0,-31.67 -63.88
PILAR_OBS,27/ENE/2022,15Hs,21.8,131,12,0.0,-31.67 -63.88
PILAR_OBS,27/ENE/2022,18Hs,21.9,95,8,0.0,-31.67 -63.88
PILAR_OBS,27/ENE/2022,21Hs,17.6,15,6,0.0,-31.67 -63.88
PILAR_OBS,28/ENE/2022,00Hs,15.9,283,5,0.0,-31.67 -63.88
PILAR_OBS,28/ENE/2022,03Hs,16.6,315,6,0.0,-31.67 -63.88
PILAR_OBS,28/ENE/2022,06Hs,15.3,3,5,0.0,-31.67 -63.88
PILAR_OBS,28/ENE/2022,09Hs,18.1,34,9,0.0,-31.67 -63.88
PILAR_OBS,28/ENE/2022,12Hs,22.3,32,13,0.0,-31.67 -63.88
PILAR_OBS,28/ENE/2022,15Hs,24.5,34,15,0.0,-31.67 -63.88
PILAR_OBS,28/ENE/2022,18Hs,24.3,33,13,0.0,-31.67 -63.88
PILAR_OBS,28/ENE/2022,21Hs,18.8,43,10,0.0,-31.67 -63.88
PILAR_OBS,29/ENE/2022,00Hs,16.7,13,9,0.0,-31.67 -63.88
PILAR_OBS,29/ENE/2022,03Hs,15.4,7,8,0.0,-31.67 -63.88
PILAR_OBS,29/ENE/2022,06Hs,14.8,352,8,0.0,-31.67 -63.88
PILAR_OBS,29/ENE/2022,09Hs,19.5,6,12,0.0,-31.67 -63.88
PILAR_OBS,29/ENE/2022,12Hs,24.4,22,16,0.0,-31.67 -63.88
PILAR_OBS,29/ENE/2022,15Hs,27.2,29,17,0.0,-31.67 -63.88
PILAR_OBS,29/ENE/2022,18Hs,26.7,31,15,0.0,-31.67 -63.88
PILAR_OBS,29/ENE/2022,21Hs,20.1,39,13,0.0,-31.67 -63.88
PILAR_OBS,30/ENE/2022,00Hs,18.1,341,8,0.0,-31.67 -63.88
PILAR_OBS,30/ENE/2022,03Hs,17.3,330,8,0.0,-31.67 -63.88
PILAR_OBS,30/ENE/2022,06Hs,16.8,347,10,0.0,-31.67 -63.88
PILAR_OBS,30/ENE/2022,09Hs,21.2,11,12,0.0,-31.67 -63.88
PILAR_OBS,30/ENE/2022,12Hs,27.0,21,17,0.0,-31.67 -63.88
PILAR_OBS,30/ENE/2022,15Hs,29.6,30,17,0.0,-31.67 -63.88
PILAR_OBS,30/ENE/2022,18Hs,29.0,34,14,0.0,-31.67 -63.88
PILAR_OBS,30/ENE/2022,21Hs,22.6,60,8,0.0,-31.67 -63.88
PILAR_OBS,31/ENE/2022,00Hs,17.8,238,12,1.2,-31.67 -63.88
PILAR_OBS,31/ENE/2022,03Hs,17.8,260,7,0.6,-31.67 -63.88
PILAR_OBS,31/ENE/2022,06Hs,16.9,228,11,0.9,-31.67 -63.88
PILAR_OBS,31/ENE/2022,09Hs,20.3,196,17,1.5,-31.67 -63.88
PILAR_OBS,31/ENE/2022,12Hs,24.1,184,17,0.0,-31.67 -63.88
PILAR_OBS,31/ENE/2022,15Hs,28.2,169,11,0.0,-31.67 -63.88
PILAR_OBS,31/ENE/2022,18Hs,28.6,243,3,0.0,-31.67 -63.88
PILAR_OBS,31/ENE/2022,21Hs,21.2,282,11,0.0,-31.67 -63.88
POSADAS_AERO,27/ENE/2022,00Hs,22.1,210,2,0.0,-27.38 -55.97
POSADAS_AERO,27/ENE/2022,03Hs,21.9,211,3,0.0,-27.38 -55.97
POSADAS_AERO,27/ENE/2022,06Hs,20.9,209,4,0.0,-27.38 -55.97
POSADAS_AERO,27/ENE/2022,09Hs,27.2,194,9,0.0,-27.38 -55.97
POSADAS_AERO,27/ENE/2022,12Hs,23.5,191,10,1.9,-27.38 -55.97
POSADAS_AERO,27/ENE/2022,15Hs,27.3,175,11,0.2,-27.38 -55.97
POSADAS_AERO,27/ENE/2022,18Hs,26.0,162,12,0.2,-27.38 -55.97
POSADAS_AERO,27/ENE/2022,21Hs,23.9,144,12,0.0,-27.38 -55.97
POSADAS_AERO,28/ENE/2022,00Hs,22.5,135,10,0.0,-27.38 -55.97
POSADAS_AERO,28/ENE/2022,03Hs,20.5,138,9,0.0,-27.38 -55.97
POSADAS_AERO,28/ENE/2022,06Hs,19.0,147,8,0.0,-27.38 -55.97
POSADAS_AERO,28/ENE/2022,09Hs,22.9,130,10,0.0,-27.38 -55.97
POSADAS_AERO,28/ENE/2022,12Hs,29.6,125,8,0.0,-27.38 -55.97
POSADAS_AERO,28/ENE/2022,15Hs,29.4,86,8,0.0,-27.38 -55.97
POSADAS_AERO,28/ENE/2022,18Hs,30.2,98,10,0.0,-27.38 -55.97
POSADAS_AERO,28/ENE/2022,21Hs,23.6,66,7,0.0,-27.38 -55.97
POSADAS_AERO,29/ENE/2022,00Hs,18.7,98,3,0.0,-27.38 -55.97
POSADAS_AERO,29/ENE/2022,03Hs,17.9,122,5,0.0,-27.38 -55.97
POSADAS_AERO,29/ENE/2022,06Hs,15.9,132,4,0.0,-27.38 -55.97
POSADAS_AERO,29/ENE/2022,09Hs,25.1,103,7,0.0,-27.38 -55.97
POSADAS_AERO,29/ENE/2022,12Hs,32.6,139,7,0.0,-27.38 -55.97
POSADAS_AERO,29/ENE/2022,15Hs,35.3,149,8,0.0,-27.38 -55.97
POSADAS_AERO,29/ENE/2022,18Hs,34.2,140,9,0.0,-27.38 -55.97
POSADAS_AERO,29/ENE/2022,21Hs,24.1,147,5,0.0,-27.38 -55.97
POSADAS_AERO,30/ENE/2022,00Hs,22.7,49,5,0.0,-27.38 -55.97
POSADAS_AERO,30/ENE/2022,03Hs,18.9,64,4,0.0,-27.38 -55.97
POSADAS_AERO,30/ENE/2022,06Hs,18.8,38,7,0.0,-27.38 -55.97
POSADAS_AERO,30/ENE/2022,09Hs,24.4,32,9,0.0,-27.38 -55.97
POSADAS_AERO,30/ENE/2022,12Hs,33.3,38,6,0.0,-27.38 -55.97
POSADAS_AERO,30/ENE/2022,15Hs,37.9,34,1,0.0,-27.38 -55.97
POSADAS_AERO,30/ENE/2022,18Hs,35.9,289,5,0.0,-27.38 -55.97
POSADAS_AERO,30/ENE/2022,21Hs,28.4,36,8,0.0,-27.38 -55.97
POSADAS_AERO,31/ENE/2022,00Hs,25.9,13,10,0.0,-27.38 -55.97
POSADAS_AERO,31/ENE/2022,03Hs,23.6,24,10,0.0,-27.38 -55.97
POSADAS_AERO,31/ENE/2022,06Hs,21.8,36,9,0.0,-27.38 -55.97
POSADAS_AERO,31/ENE/2022,09Hs,25.8,11,10,0.0,-27.38 -55.97
POSADAS_AERO,31/ENE/2022,12Hs,34.6,5,7,0.0,-27.38 -55.97
POSADAS_AERO,31/ENE/2022,15Hs,38.7,110,6,0.0,-27.38 -55.97
POSADAS_AERO,31/ENE/2022,18Hs,32.6,176,5,0.0,-27.38 -55.97
POSADAS_AERO,31/ENE/2022,21Hs,27.5,157,6,0.0,-27.38 -55.97
PUERTO_DESEADO_AERO,27/ENE/2022,00Hs,15.5,322,24,0.0,-42.75 -65.1
PUERTO_DESEADO_AERO,27/ENE/2022,03Hs,14.5,313,18,0.0,-42.75 -65.1
PUERTO_DESEADO_AERO,27/ENE/2022,06Hs,13.7,328,17,0.0,-42.75 -65.1
PUERTO_DESEADO_AERO,27/ENE/2022,09Hs,19.2,313,15,0.0,-42.75 -65.1
PUERTO_DESEADO_AERO,27/ENE/2022,12Hs,24.7,355,6,0.0,-42.75 -65.1
PUERTO_DESEADO_AERO,27/ENE/2022,15Hs,27.7,16,12,0.0,-42.75 -65.1
PUERTO_DESEADO_AERO,27/ENE/2022,18Hs,27.1,317,11,0.0,-42.75 -65.1
PUERTO_DESEADO_AERO,27/ENE/2022,21Hs,19.4,113,27,0.0,-42.75 -65.1
PUERTO_DESEADO_AERO,28/ENE/2022,00Hs,14.6,103,27,0.0,-42.75 -65.1
PUERTO_DESEADO_AERO,28/ENE/2022,03Hs,13.3,103,22,0.0,-42.75 -65.1
PUERTO_DESEADO_AERO,28/ENE/2022,06Hs,12.3,90,16,0.0,-42.75 -65.1
PUERTO_DESEADO_AERO,28/ENE/2022,09Hs,15.7,85,22,0.0,-42.75 -65.1
PUERTO_DESEADO_AERO,28/ENE/2022,12Hs,19.5,75,28,0.0,-42.75 -65.1
PUERTO_DESEADO_AERO,28/ENE/2022,15Hs,20.9,60,31,0.0,-42.75 -65.1
PUERTO_DESEADO_AERO,28/ENE/2022,18Hs,20.4,48,31,0.0,-42.75 -65.1
PUERTO_DESEADO_AERO,28/ENE/2022,21Hs,15.9,36,31,0.0,-42.75 -65.1
PUERTO_DESEADO_AERO,29/ENE/2022,00Hs,13.8,33,29,0.0,-42.75 -65.1
PUERTO_DESEADO_AERO,29/ENE/2022,03Hs,13.4,12,23,0.0,-42.75 -65.1
PUERTO_DESEADO_AERO,29/ENE/2022,06Hs,13.8,6,30,0.0,-42.75 -65.1
PUERTO_DESEADO_AERO,29/ENE/2022,09Hs,15.5,359,28,0.0,-42.75 -65.1
PUERTO_DESEADO_AERO,29/ENE/2022,12Hs,21.2,356,27,0.0,-42.75 -65.1
PUERTO_DESEADO_AERO,29/ENE/2022,15Hs,27.3,343,32,0.0,-42.75 -65.1
PUERTO_DESEADO_AERO,29/ENE/2022,18Hs,24.5,355,39,0.0,-42.75 -65.1
PUERTO_DESEADO_AERO,29/ENE/2022,21Hs,25.0,309,50,0.0,-42.75 -65.1
PUERTO_DESEADO_AERO,30/ENE/2022,00Hs,12.1,226,55,0.0,-42.75 -65.1
PUERTO_DESEADO_AERO,30/ENE/2022,03Hs,10.1,208,47,0.0,-42.75 -65.1
PUERTO_DESEADO_AERO,30/ENE/2022,06Hs,8.8,201,39,0.4,-42.75 -65.1
PUERTO_DESEADO_AERO,30/ENE/2022,09Hs,11.2,207,36,0.8,-42.75 -65.1
PUERTO_DESEADO_AERO,30/ENE/2022,12Hs,14.5,201,46,0.0,-42.75 -65.1
PUERTO_DESEADO_AERO,30/ENE/2022,15Hs,15.7,177,38,0.0,-42.75 -65.1
PUERTO_DESEADO_AERO,30/ENE/2022,18Hs,13.1,175,20,0.0,-42.75 -65.1
PUERTO_DESEADO_AERO,30/ENE/2022,21Hs,10.7,182,24,0.0,-42.75 -65.1
PUERTO_DESEADO_AERO,31/ENE/2022,00Hs,9.9,360,2,0.1,-42.75 -65.1
PUERTO_DESEADO_AERO,31/ENE/2022,03Hs,9.1,339,13,0.0,-42.75 -65.1
PUERTO_DESEADO_AERO,31/ENE/2022,06Hs,8.7,339,18,0.0,-42.75 -65.1
PUERTO_DESEADO_AERO,31/ENE/2022,09Hs,12.8,304,26,0.0,-42.75 -65.1
PUERTO_DESEADO_AERO,31/ENE/2022,12Hs,16.8,264,34,0.0,-42.75 -65.1
PUERTO_DESEADO_AERO,31/ENE/2022,15Hs,21.1,256,32,0.0,-42.75 -65.1
PUERTO_DESEADO_AERO,31/ENE/2022,18Hs,15.7,163,44,0.0,-42.75 -65.1
PUERTO_DESEADO_AERO,31/ENE/2022,21Hs,11.9,168,26,0.0,-42.75 -65.1
PUERTO_MADRYN_AERO,27/ENE/2022,00Hs,15.7,31,25,0.0,-42.75 -65.1
PUERTO_MADRYN_AERO,27/ENE/2022,03Hs,15.3,22,24,0.0,-42.75 -65.1
PUERTO_MADRYN_AERO,27/ENE/2022,06Hs,15.0,17,27,0.0,-42.75 -65.1
PUERTO_MADRYN_AERO,27/ENE/2022,09Hs,19.4,358,33,0.0,-42.75 -65.1
PUERTO_MADRYN_AERO,27/ENE/2022,12Hs,27.3,347,23,0.0,-42.75 -65.1
PUERTO_MADRYN_AERO,27/ENE/2022,15Hs,31.4,349,23,0.0,-42.75 -65.1
PUERTO_MADRYN_AERO,27/ENE/2022,18Hs,32.5,347,41,0.0,-42.75 -65.1
PUERTO_MADRYN_AERO,27/ENE/2022,21Hs,29.4,340,41,0.0,-42.75 -65.1
PUERTO_MADRYN_AERO,28/ENE/2022,00Hs,27.2,340,45,0.0,-42.75 -65.1
PUERTO_MADRYN_AERO,28/ENE/2022,03Hs,26.0,325,45,0.0,-42.75 -65.1
PUERTO_MADRYN_AERO,28/ENE/2022,06Hs,25.0,304,35,0.0,-42.75 -65.1
PUERTO_MADRYN_AERO,28/ENE/2022,09Hs,28.7,291,41,0.0,-42.75 -65.1
PUERTO_MADRYN_AERO,28/ENE/2022,12Hs,33.5,262,24,0.0,-42.75 -65.1
PUERTO_MADRYN_AERO,28/ENE/2022,15Hs,35.6,218,20,0.0,-42.75 -65.1
PUERTO_MADRYN_AERO,28/ENE/2022,18Hs,31.2,132,33,0.0,-42.75 -65.1
PUERTO_MADRYN_AERO,28/ENE/2022,21Hs,25.0,134,27,0.0,-42.75 -65.1
PUERTO_MADRYN_AERO,29/ENE/2022,00Hs,23.4,109,17,0.0,-42.75 -65.1
PUERTO_MADRYN_AERO,29/ENE/2022,03Hs,21.3,180,15,0.0,-42.75 -65.1
PUERTO_MADRYN_AERO,29/ENE/2022,06Hs,19.4,211,12,0.0,-42.75 -65.1
PUERTO_MADRYN_AERO,29/ENE/2022,09Hs,23.2,219,23,0.0,-42.75 -65.1
PUERTO_MADRYN_AERO,29/ENE/2022,12Hs,29.6,209,27,0.0,-42.75 -65.1
PUERTO_MADRYN_AERO,29/ENE/2022,15Hs,33.0,217,20,0.0,-42.75 -65.1
PUERTO_MADRYN_AERO,29/ENE/2022,18Hs,32.8,214,8,0.0,-42.75 -65.1
PUERTO_MADRYN_AERO,29/ENE/2022,21Hs,28.1,79,19,0.0,-42.75 -65.1
PUERTO_MADRYN_AERO,30/ENE/2022,00Hs,26.3,325,11,0.0,-42.75 -65.1
PUERTO_MADRYN_AERO,30/ENE/2022,03Hs,24.7,211,32,0.0,-42.75 -65.1
PUERTO_MADRYN_AERO,30/ENE/2022,06Hs,20.8,206,32,0.0,-42.75 -65.1
PUERTO_MADRYN_AERO,30/ENE/2022,09Hs,20.5,211,50,0.0,-42.75 -65.1
PUERTO_MADRYN_AERO,30/ENE/2022,12Hs,17.6,223,38,0.0,-42.75 -65.1
PUERTO_MADRYN_AERO,30/ENE/2022,15Hs,21.4,222,42,0.0,-42.75 -65.1
PUERTO_MADRYN_AERO,30/ENE/2022,18Hs,19.6,165,36,0.0,-42.75 -65.1
PUERTO_MADRYN_AERO,30/ENE/2022,21Hs,13.4,168,26,0.3,-42.75 -65.1
PUERTO_MADRYN_AERO,31/ENE/2022,00Hs,13.1,325,8,0.2,-42.75 -65.1
PUERTO_MADRYN_AERO,31/ENE/2022,03Hs,13.0,332,14,0.0,-42.75 -65.1
PUERTO_MADRYN_AERO,31/ENE/2022,06Hs,13.3,280,14,0.0,-42.75 -65.1
PUERTO_MADRYN_AERO,31/ENE/2022,09Hs,15.8,255,16,0.0,-42.75 -65.1
PUERTO_MADRYN_AERO,31/ENE/2022,12Hs,20.4,246,26,0.0,-42.75 -65.1
PUERTO_MADRYN_AERO,31/ENE/2022,15Hs,23.0,243,29,0.0,-42.75 -65.1
PUERTO_MADRYN_AERO,31/ENE/2022,18Hs,25.9,241,37,0.0,-42.75 -65.1
PUERTO_MADRYN_AERO,31/ENE/2022,21Hs,24.5,231,32,0.0,-42.75 -65.1
PUNTA_INDIO_B.A,27/ENE/2022,00Hs,13.2,159,21,0.0,-35.35 -57.3
PUNTA_INDIO_B.A,27/ENE/2022,03Hs,11.0,179,15,0.0,-35.35 -57.3
PUNTA_INDIO_B.A,27/ENE/2022,06Hs,10.0,180,14,0.0,-35.35 -57.3
PUNTA_INDIO_B.A,27/ENE/2022,09Hs,15.1,160,21,0.0,-35.35 -57.3
PUNTA_INDIO_B.A,27/ENE/2022,12Hs,19.2,155,18,0.0,-35.35 -57.3
PUNTA_INDIO_B.A,27/ENE/2022,15Hs,21.6,143,15,0.0,-35.35 -57.3
PUNTA_INDIO_B.A,27/ENE/2022,18Hs,19.3,84,18,0.0,-35.35 -57.3
PUNTA_INDIO_B.A,27/ENE/2022,21Hs,14.0,64,11,0.0,-35.35 -57.3
PUNTA_INDIO_B.A,28/ENE/2022,00Hs,12.9,85,8,0.0,-35.35 -57.3
PUNTA_INDIO_B.A,28/ENE/2022,03Hs,11.9,114,6,0.0,-35.35 -57.3
PUNTA_INDIO_B.A,28/ENE/2022,06Hs,11.1,134,4,0.0,-35.35 -57.3
PUNTA_INDIO_B.A,28/ENE/2022,09Hs,17.4,94,3,0.0,-35.35 -57.3
PUNTA_INDIO_B.A,28/ENE/2022,12Hs,22.1,45,4,0.0,-35.35 -57.3
PUNTA_INDIO_B.A,28/ENE/2022,15Hs,24.5,19,3,0.0,-35.35 -57.3
PUNTA_INDIO_B.A,28/ENE/2022,18Hs,21.9,82,18,0.0,-35.35 -57.3
PUNTA_INDIO_B.A,28/ENE/2022,21Hs,15.6,64,12,0.0,-35.35 -57.3
PUNTA_INDIO_B.A,29/ENE/2022,00Hs,14.1,51,11,0.0,-35.35 -57.3
PUNTA_INDIO_B.A,29/ENE/2022,03Hs,14.3,33,10,0.0,-35.35 -57.3
PUNTA_INDIO_B.A,29/ENE/2022,06Hs,14.5,20,10,0.0,-35.35 -57.3
PUNTA_INDIO_B.A,29/ENE/2022,09Hs,20.6,359,16,0.0,-35.35 -57.3
PUNTA_INDIO_B.A,29/ENE/2022,12Hs,25.1,349,13,0.0,-35.35 -57.3
PUNTA_INDIO_B.A,29/ENE/2022,15Hs,27.1,356,13,0.0,-35.35 -57.3
PUNTA_INDIO_B.A,29/ENE/2022,18Hs,25.5,23,15,0.0,-35.35 -57.3
PUNTA_INDIO_B.A,29/ENE/2022,21Hs,18.7,43,16,0.0,-35.35 -57.3
PUNTA_INDIO_B.A,30/ENE/2022,00Hs,17.2,51,12,0.0,-35.35 -57.3
PUNTA_INDIO_B.A,30/ENE/2022,03Hs,17.3,33,12,0.0,-35.35 -57.3
PUNTA_INDIO_B.A,30/ENE/2022,06Hs,16.9,21,15,0.0,-35.35 -57.3
PUNTA_INDIO_B.A,30/ENE/2022,09Hs,22.1,3,23,0.0,-35.35 -57.3
PUNTA_INDIO_B.A,30/ENE/2022,12Hs,27.2,349,18,0.0,-35.35 -57.3
PUNTA_INDIO_B.A,30/ENE/2022,15Hs,29.3,359,17,0.0,-35.35 -57.3
PUNTA_INDIO_B.A,30/ENE/2022,18Hs,27.5,10,17,0.0,-35.35 -57.3
PUNTA_INDIO_B.A,30/ENE/2022,21Hs,20.6,39,15,0.0,-35.35 -57.3
PUNTA_INDIO_B.A,31/ENE/2022,00Hs,19.4,27,11,0.0,-35.35 -57.3
PUNTA_INDIO_B.A,31/ENE/2022,03Hs,20.4,313,6,0.0,-35.35 -57.3
PUNTA_INDIO_B.A,31/ENE/2022,06Hs,17.6,190,11,0.6,-35.35 -57.3
PUNTA_INDIO_B.A,31/ENE/2022,09Hs,19.1,169,27,0.0,-35.35 -57.3
PUNTA_INDIO_B.A,31/ENE/2022,12Hs,23.8,170,24,0.0,-35.35 -57.3
PUNTA_INDIO_B.A,31/ENE/2022,15Hs,24.4,177,18,0.0,-35.35 -57.3
PUNTA_INDIO_B.A,31/ENE/2022,18Hs,22.2,102,16,0.0,-35.35 -57.3
PUNTA_INDIO_B.A,31/ENE/2022,21Hs,16.7,97,16,0.0,-35.35 -57.3
RAFAELA_AERO,27/ENE/2022,00Hs,21.1,139,25,0.0,-31.28 -61.52
RAFAELA_AERO,27/ENE/2022,03Hs,19.5,140,27,0.0,-31.28 -61.52
RAFAELA_AERO,27/ENE/2022,06Hs,19.2,139,26,0.0,-31.28 -61.52
RAFAELA_AERO,27/ENE/2022,09Hs,17.6,143,27,0.0,-31.28 -61.52
RAFAELA_AERO,27/ENE/2022,12Hs,20.9,141,24,0.0,-31.28 -61.52
RAFAELA_AERO,27/ENE/2022,15Hs,23.5,143,21,0.0,-31.28 -61.52
RAFAELA_AERO,27/ENE/2022,18Hs,22.5,144,14,0.0,-31.28 -61.52
RAFAELA_AERO,27/ENE/2022,21Hs,18.4,148,10,0.0,-31.28 -61.52
RAFAELA_AERO,28/ENE/2022,00Hs,17.2,135,10,0.0,-31.28 -61.52
RAFAELA_AERO,28/ENE/2022,03Hs,15.3,130,10,0.0,-31.28 -61.52
RAFAELA_AERO,28/ENE/2022,06Hs,14.0,114,11,0.0,-31.28 -61.52
RAFAELA_AERO,28/ENE/2022,09Hs,18.0,107,12,0.0,-31.28 -61.52
RAFAELA_AERO,28/ENE/2022,12Hs,23.0,112,11,0.0,-31.28 -61.52
RAFAELA_AERO,28/ENE/2022,15Hs,25.3,128,10,0.0,-31.28 -61.52
RAFAELA_AERO,28/ENE/2022,18Hs,24.8,134,12,0.0,-31.28 -61.52
RAFAELA_AERO,28/ENE/2022,21Hs,19.2,139,10,0.0,-31.28 -61.52
RAFAELA_AERO,29/ENE/2022,00Hs,17.6,106,10,0.0,-31.28 -61.52
RAFAELA_AERO,29/ENE/2022,03Hs,16.5,103,9,0.0,-31.28 -61.52
RAFAELA_AERO,29/ENE/2022,06Hs,15.2,115,11,0.0,-31.28 -61.52
RAFAELA_AERO,29/ENE/2022,09Hs,20.0,85,12,0.0,-31.28 -61.52
RAFAELA_AERO,29/ENE/2022,12Hs,25.9,58,11,0.0,-31.28 -61.52
RAFAELA_AERO,29/ENE/2022,15Hs,28.5,66,8,0.0,-31.28 -61.52
RAFAELA_AERO,29/ENE/2022,18Hs,28.7,93,7,0.0,-31.28 -61.52
RAFAELA_AERO,29/ENE/2022,21Hs,21.4,98,11,0.0,-31.28 -61.52
RAFAELA_AERO,30/ENE/2022,00Hs,20.0,93,11,0.0,-31.28 -61.52
RAFAELA_AERO,30/ENE/2022,03Hs,18.6,99,10,0.0,-31.28 -61.52
RAFAELA_AERO,30/ENE/2022,06Hs,17.5,89,11,0.0,-31.28 -61.52
RAFAELA_AERO,30/ENE/2022,09Hs,21.8,69,14,0.0,-31.28 -61.52
RAFAELA_AERO,30/ENE/2022,12Hs,28.9,14,11,0.0,-31.28 -61.52
RAFAELA_AERO,30/ENE/2022,15Hs,32.3,4,4,0.0,-31.28 -61.52
RAFAELA_AERO,30/ENE/2022,18Hs,32.1,108,2,0.0,-31.28 -61.52
RAFAELA_AERO,30/ENE/2022,21Hs,24.3,128,10,0.0,-31.28 -61.52
RAFAELA_AERO,31/ENE/2022,00Hs,22.0,98,11,0.0,-31.28 -61.52
RAFAELA_AERO,31/ENE/2022,03Hs,21.1,123,10,0.0,-31.28 -61.52
RAFAELA_AERO,31/ENE/2022,06Hs,20.3,171,8,0.0,-31.28 -61.52
RAFAELA_AERO,31/ENE/2022,09Hs,22.7,171,14,0.0,-31.28 -61.52
RAFAELA_AERO,31/ENE/2022,12Hs,27.9,186,13,0.0,-31.28 -61.52
RAFAELA_AERO,31/ENE/2022,15Hs,31.8,169,12,0.0,-31.28 -61.52
RAFAELA_AERO,31/ENE/2022,18Hs,31.5,164,10,0.0,-31.28 -61.52
RAFAELA_AERO,31/ENE/2022,21Hs,25.3,136,7,0.0,-31.28 -61.52
RECONQUISTA_AERO,27/ENE/2022,00Hs,23.2,158,14,0.0,-29.2 -59.7
RECONQUISTA_AERO,27/ENE/2022,03Hs,22.2,169,14,0.0,-29.2 -59.7
RECONQUISTA_AERO,27/ENE/2022,06Hs,21.5,161,18,0.2,-29.2 -59.7
RECONQUISTA_AERO,27/ENE/2022,09Hs,20.6,161,18,0.0,-29.2 -59.7
RECONQUISTA_AERO,27/ENE/2022,12Hs,22.6,142,20,0.0,-29.2 -59.7
RECONQUISTA_AERO,27/ENE/2022,15Hs,27.9,145,17,0.0,-29.2 -59.7
RECONQUISTA_AERO,27/ENE/2022,18Hs,30.0,151,21,0.0,-29.2 -59.7
RECONQUISTA_AERO,27/ENE/2022,21Hs,24.2,163,18,0.0,-29.2 -59.7
RECONQUISTA_AERO,28/ENE/2022,00Hs,20.4,156,16,0.0,-29.2 -59.7
RECONQUISTA_AERO,28/ENE/2022,03Hs,17.7,160,12,0.0,-29.2 -59.7
RECONQUISTA_AERO,28/ENE/2022,06Hs,16.2,153,11,0.0,-29.2 -59.7
RECONQUISTA_AERO,28/ENE/2022,09Hs,21.4,122,12,0.0,-29.2 -59.7
RECONQUISTA_AERO,28/ENE/2022,12Hs,28.9,135,11,0.0,-29.2 -59.7
RECONQUISTA_AERO,28/ENE/2022,15Hs,31.9,159,15,0.0,-29.2 -59.7
RECONQUISTA_AERO,28/ENE/2022,18Hs,30.3,156,16,0.0,-29.2 -59.7
RECONQUISTA_AERO,28/ENE/2022,21Hs,22.7,158,9,0.0,-29.2 -59.7
RECONQUISTA_AERO,29/ENE/2022,00Hs,20.0,155,10,0.0,-29.2 -59.7
RECONQUISTA_AERO,29/ENE/2022,03Hs,17.9,145,9,0.0,-29.2 -59.7
RECONQUISTA_AERO,29/ENE/2022,06Hs,16.2,127,9,0.0,-29.2 -59.7
RECONQUISTA_AERO,29/ENE/2022,09Hs,24.1,91,12,0.0,-29.2 -59.7
RECONQUISTA_AERO,29/ENE/2022,12Hs,32.6,112,12,0.0,-29.2 -59.7
RECONQUISTA_AERO,29/ENE/2022,15Hs,35.5,128,12,0.0,-29.2 -59.7
RECONQUISTA_AERO,29/ENE/2022,18Hs,34.9,133,13,0.0,-29.2 -59.7
RECONQUISTA_AERO,29/ENE/2022,21Hs,25.4,146,11,0.0,-29.2 -59.7
RECONQUISTA_AERO,30/ENE/2022,00Hs,22.6,123,10,0.0,-29.2 -59.7
RECONQUISTA_AERO,30/ENE/2022,03Hs,19.8,96,9,0.0,-29.2 -59.7
RECONQUISTA_AERO,30/ENE/2022,06Hs,18.2,99,8,0.0,-29.2 -59.7
RECONQUISTA_AERO,30/ENE/2022,09Hs,26.6,60,12,0.0,-29.2 -59.7
RECONQUISTA_AERO,30/ENE/2022,12Hs,36.0,58,9,0.0,-29.2 -59.7
RECONQUISTA_AERO,30/ENE/2022,15Hs,38.9,132,9,0.0,-29.2 -59.7
RECONQUISTA_AERO,30/ENE/2022,18Hs,37.1,141,16,0.0,-29.2 -59.7
RECONQUISTA_AERO,30/ENE/2022,21Hs,27.7,132,12,0.0,-29.2 -59.7
RECONQUISTA_AERO,31/ENE/2022,00Hs,25.1,130,9,0.0,-29.2 -59.7
RECONQUISTA_AERO,31/ENE/2022,03Hs,22.2,133,9,0.0,-29.2 -59.7
RECONQUISTA_AERO,31/ENE/2022,06Hs,20.8,46,5,0.0,-29.2 -59.7
RECONQUISTA_AERO,31/ENE/2022,09Hs,29.6,28,3,0.0,-29.2 -59.7
RECONQUISTA_AERO,31/ENE/2022,12Hs,36.8,169,7,0.0,-29.2 -59.7
RECONQUISTA_AERO,31/ENE/2022,15Hs,39.7,173,13,0.0,-29.2 -59.7
RECONQUISTA_AERO,31/ENE/2022,18Hs,37.2,184,20,0.0,-29.2 -59.7
RECONQUISTA_AERO,31/ENE/2022,21Hs,24.7,291,10,0.0,-29.2 -59.7
RESISTENCIA_AERO,27/ENE/2022,00Hs,24.1,180,6,0.0,-27.43 -59.05
RESISTENCIA_AERO,27/ENE/2022,03Hs,24.2,181,12,0.0,-27.43 -59.05
RESISTENCIA_AERO,27/ENE/2022,06Hs,22.8,160,16,1.1,-27.43 -59.05
RESISTENCIA_AERO,27/ENE/2022,09Hs,22.8,152,16,0.2,-27.43 -59.05
RESISTENCIA_AERO,27/ENE/2022,12Hs,26.1,152,19,0.1,-27.43 -59.05
RESISTENCIA_AERO,27/ENE/2022,15Hs,28.5,133,21,0.3,-27.43 -59.05
RESISTENCIA_AERO,27/ENE/2022,18Hs,27.3,141,14,0.0,-27.43 -59.05
RESISTENCIA_AERO,27/ENE/2022,21Hs,24.5,181,6,0.0,-27.43 -59.05
RESISTENCIA_AERO,28/ENE/2022,00Hs,23.7,152,16,0.0,-27.43 -59.05
RESISTENCIA_AERO,28/ENE/2022,03Hs,20.7,161,13,0.0,-27.43 -59.05
RESISTENCIA_AERO,28/ENE/2022,06Hs,18.0,162,11,0.0,-27.43 -59.05
RESISTENCIA_AERO,28/ENE/2022,09Hs,22.7,132,12,0.0,-27.43 -59.05
RESISTENCIA_AERO,28/ENE/2022,12Hs,29.6,136,11,0.0,-27.43 -59.05
RESISTENCIA_AERO,28/ENE/2022,15Hs,33.7,142,12,0.0,-27.43 -59.05
RESISTENCIA_AERO,28/ENE/2022,18Hs,33.0,135,16,0.0,-27.43 -59.05
RESISTENCIA_AERO,28/ENE/2022,21Hs,24.0,155,10,0.0,-27.43 -59.05
RESISTENCIA_AERO,29/ENE/2022,00Hs,21.7,164,12,0.0,-27.43 -59.05
RESISTENCIA_AERO,29/ENE/2022,03Hs,18.5,139,9,0.0,-27.43 -59.05
RESISTENCIA_AERO,29/ENE/2022,06Hs,17.4,140,9,0.0,-27.43 -59.05
RESISTENCIA_AERO,29/ENE/2022,09Hs,24.2,100,12,0.0,-27.43 -59.05
RESISTENCIA_AERO,29/ENE/2022,12Hs,32.1,125,12,0.0,-27.43 -59.05
RESISTENCIA_AERO,29/ENE/2022,15Hs,35.2,121,12,0.0,-27.43 -59.05
RESISTENCIA_AERO,29/ENE/2022,18Hs,34.9,108,10,0.0,-27.43 -59.05
RESISTENCIA_AERO,29/ENE/2022,21Hs,26.2,125,9,0.0,-27.43 -59.05
RESISTENCIA_AERO,30/ENE/2022,00Hs,22.6,110,9,0.0,-27.43 -59.05
RESISTENCIA_AERO,30/ENE/2022,03Hs,20.6,113,9,0.0,-27.43 -59.05
RESISTENCIA_AERO,30/ENE/2022,06Hs,18.7,72,7,0.0,-27.43 -59.05
RESISTENCIA_AERO,30/ENE/2022,09Hs,27.2,50,9,0.0,-27.43 -59.05
RESISTENCIA_AERO,30/ENE/2022,12Hs,37.2,37,7,0.0,-27.43 -59.05
RESISTENCIA_AERO,30/ENE/2022,15Hs,39.1,145,11,0.0,-27.43 -59.05
RESISTENCIA_AERO,30/ENE/2022,18Hs,37.8,134,12,0.0,-27.43 -59.05
RESISTENCIA_AERO,30/ENE/2022,21Hs,28.9,94,9,0.0,-27.43 -59.05
RESISTENCIA_AERO,31/ENE/2022,00Hs,25.4,122,8,0.0,-27.43 -59.05
RESISTENCIA_AERO,31/ENE/2022,03Hs,23.4,47,9,0.0,-27.43 -59.05
RESISTENCIA_AERO,31/ENE/2022,06Hs,22.6,33,6,0.0,-27.43 -59.05
RESISTENCIA_AERO,31/ENE/2022,09Hs,30.2,2,16,0.0,-27.43 -59.05
RESISTENCIA_AERO,31/ENE/2022,12Hs,38.1,328,10,0.0,-27.43 -59.05
RESISTENCIA_AERO,31/ENE/2022,15Hs,38.3,146,12,0.0,-27.43 -59.05
RESISTENCIA_AERO,31/ENE/2022,18Hs,24.6,301,25,0.5,-27.43 -59.05
RESISTENCIA_AERO,31/ENE/2022,21Hs,22.2,347,13,0.9,-27.43 -59.05
RIO_COLORADO,27/ENE/2022,00Hs,15.6,81,16,0.0,-34.58 -58.48
RIO_COLORADO,27/ENE/2022,03Hs,14.3,76,10,0.0,-34.58 -58.48
RIO_COLORADO,27/ENE/2022,06Hs,13.3,26,9,0.0,-34.58 -58.48
RIO_COLORADO,27/ENE/2022,09Hs,17.4,20,9,0.0,-34.58 -58.48
RIO_COLORADO,27/ENE/2022,12Hs,22.6,41,7,0.0,-34.58 -58.48
RIO_COLORADO,27/ENE/2022,15Hs,26.3,47,9,0.0,-34.58 -58.48
RIO_COLORADO,27/ENE/2022,18Hs,27.3,43,15,0.0,-34.58 -58.48
RIO_COLORADO,27/ENE/2022,21Hs,22.4,54,22,0.0,-34.58 -58.48
RIO_COLORADO,28/ENE/2022,00Hs,19.1,50,20,0.0,-34.58 -58.48
RIO_COLORADO,28/ENE/2022,03Hs,18.4,353,23,0.0,-34.58 -58.48
RIO_COLORADO,28/ENE/2022,06Hs,16.6,352,20,0.0,-34.58 -58.48
RIO_COLORADO,28/ENE/2022,09Hs,20.8,344,28,0.0,-34.58 -58.48
RIO_COLORADO,28/ENE/2022,12Hs,27.5,344,27,0.0,-34.58 -58.48
RIO_COLORADO,28/ENE/2022,15Hs,31.4,346,23,0.0,-34.58 -58.48
RIO_COLORADO,28/ENE/2022,18Hs,32.4,343,20,0.0,-34.58 -58.48
RIO_COLORADO,28/ENE/2022,21Hs,27.3,18,17,0.0,-34.58 -58.48
RIO_COLORADO,29/ENE/2022,00Hs,24.3,356,35,0.0,-34.58 -58.48
RIO_COLORADO,29/ENE/2022,03Hs,22.5,349,32,0.0,-34.58 -58.48
RIO_COLORADO,29/ENE/2022,06Hs,21.0,353,31,0.0,-34.58 -58.48
RIO_COLORADO,29/ENE/2022,09Hs,24.4,343,34,0.0,-34.58 -58.48
RIO_COLORADO,29/ENE/2022,12Hs,32.0,333,30,0.0,-34.58 -58.48
RIO_COLORADO,29/ENE/2022,15Hs,36.4,330,24,0.0,-34.58 -58.48
RIO_COLORADO,29/ENE/2022,18Hs,36.9,295,21,0.0,-34.58 -58.48
RIO_COLORADO,29/ENE/2022,21Hs,23.7,6,53,0.0,-34.58 -58.48
RIO_COLORADO,30/ENE/2022,00Hs,23.7,342,32,0.0,-34.58 -58.48
RIO_COLORADO,30/ENE/2022,03Hs,23.0,314,32,0.0,-34.58 -58.48
RIO_COLORADO,30/ENE/2022,06Hs,22.0,310,17,0.0,-34.58 -58.48
RIO_COLORADO,30/ENE/2022,09Hs,26.2,236,29,0.0,-34.58 -58.48
RIO_COLORADO,30/ENE/2022,12Hs,29.4,229,33,0.0,-34.58 -58.48
RIO_COLORADO,30/ENE/2022,15Hs,28.7,243,28,0.0,-34.58 -58.48
RIO_COLORADO,30/ENE/2022,18Hs,27.7,195,40,0.0,-34.58 -58.48
RIO_COLORADO,30/ENE/2022,21Hs,18.6,154,28,0.0,-34.58 -58.48
RIO_COLORADO,31/ENE/2022,00Hs,16.2,140,24,0.0,-34.58 -58.48
RIO_COLORADO,31/ENE/2022,03Hs,14.8,146,15,0.0,-34.58 -58.48
RIO_COLORADO,31/ENE/2022,06Hs,13.2,176,11,0.0,-34.58 -58.48
RIO_COLORADO,31/ENE/2022,09Hs,16.5,157,9,0.0,-34.58 -58.48
RIO_COLORADO,31/ENE/2022,12Hs,21.3,231,7,0.0,-34.58 -58.48
RIO_COLORADO,31/ENE/2022,15Hs,25.0,255,15,0.0,-34.58 -58.48
RIO_COLORADO,31/ENE/2022,18Hs,26.1,268,18,0.0,-34.58 -58.48
RIO_COLORADO,31/ENE/2022,21Hs,22.1,327,10,0.0,-34.58 -58.48
RIO_CUARTO_AERO,27/ENE/2022,00Hs,18.8,115,17,0.0,-34.58 -58.48
RIO_CUARTO_AERO,27/ENE/2022,03Hs,18.5,121,17,0.0,-34.58 -58.48
RIO_CUARTO_AERO,27/ENE/2022,06Hs,15.4,111,18,0.0,-34.58 -58.48
RIO_CUARTO_AERO,27/ENE/2022,09Hs,15.8,85,16,0.0,-34.58 -58.48
RIO_CUARTO_AERO,27/ENE/2022,12Hs,21.3,75,15,0.0,-34.58 -58.48
RIO_CUARTO_AERO,27/ENE/2022,15Hs,25.6,54,17,0.0,-34.58 -58.48
RIO_CUARTO_AERO,27/ENE/2022,18Hs,25.5,52,20,0.0,-34.58 -58.48
RIO_CUARTO_AERO,27/ENE/2022,21Hs,20.5,26,15,0.0,-34.58 -58.48
RIO_CUARTO_AERO,28/ENE/2022,00Hs,15.9,14,12,0.0,-34.58 -58.48
RIO_CUARTO_AERO,28/ENE/2022,03Hs,14.6,16,13,0.0,-34.58 -58.48
RIO_CUARTO_AERO,28/ENE/2022,06Hs,13.4,31,13,0.0,-34.58 -58.48
RIO_CUARTO_AERO,28/ENE/2022,09Hs,19.4,24,20,0.0,-34.58 -58.48
RIO_CUARTO_AERO,28/ENE/2022,12Hs,26.2,32,20,0.0,-34.58 -58.48
RIO_CUARTO_AERO,28/ENE/2022,15Hs,29.5,38,21,0.0,-34.58 -58.48
RIO_CUARTO_AERO,28/ENE/2022,18Hs,28.4,33,23,0.0,-34.58 -58.48
RIO_CUARTO_AERO,28/ENE/2022,21Hs,21.0,18,19,0.0,-34.58 -58.48
RIO_CUARTO_AERO,29/ENE/2022,00Hs,17.3,3,16,0.0,-34.58 -58.48
RIO_CUARTO_AERO,29/ENE/2022,03Hs,16.3,7,15,0.0,-34.58 -58.48
RIO_CUARTO_AERO,29/ENE/2022,06Hs,15.5,8,16,0.0,-34.58 -58.48
RIO_CUARTO_AERO,29/ENE/2022,09Hs,22.6,9,22,0.0,-34.58 -58.48
RIO_CUARTO_AERO,29/ENE/2022,12Hs,29.4,17,23,0.0,-34.58 -58.48
RIO_CUARTO_AERO,29/ENE/2022,15Hs,32.6,35,23,0.0,-34.58 -58.48
RIO_CUARTO_AERO,29/ENE/2022,18Hs,31.0,32,27,0.0,-34.58 -58.48
RIO_CUARTO_AERO,29/ENE/2022,21Hs,23.4,24,21,0.0,-34.58 -58.48
RIO_CUARTO_AERO,30/ENE/2022,00Hs,19.0,6,15,0.0,-34.58 -58.48
RIO_CUARTO_AERO,30/ENE/2022,03Hs,18.7,349,16,0.0,-34.58 -58.48
RIO_CUARTO_AERO,30/ENE/2022,06Hs,17.5,4,13,0.0,-34.58 -58.48
RIO_CUARTO_AERO,30/ENE/2022,09Hs,25.3,5,17,0.0,-34.58 -58.48
RIO_CUARTO_AERO,30/ENE/2022,12Hs,32.2,54,13,0.0,-34.58 -58.48
RIO_CUARTO_AERO,30/ENE/2022,15Hs,35.0,53,22,0.0,-34.58 -58.48
RIO_CUARTO_AERO,30/ENE/2022,18Hs,22.0,233,19,1.6,-34.58 -58.48
RIO_CUARTO_AERO,30/ENE/2022,21Hs,20.0,221,13,1.2,-34.58 -58.48
RIO_CUARTO_AERO,31/ENE/2022,00Hs,18.2,258,11,0.0,-34.58 -58.48
RIO_CUARTO_AERO,31/ENE/2022,03Hs,17.0,226,11,2.1,-34.58 -58.48
RIO_CUARTO_AERO,31/ENE/2022,06Hs,16.4,229,13,1.3,-34.58 -58.48
RIO_CUARTO_AERO,31/ENE/2022,09Hs,18.9,210,19,0.6,-34.58 -58.48
RIO_CUARTO_AERO,31/ENE/2022,12Hs,26.9,159,15,0.0,-34.58 -58.48
RIO_CUARTO_AERO,31/ENE/2022,15Hs,30.1,145,13,0.0,-34.58 -58.48
RIO_CUARTO_AERO,31/ENE/2022,18Hs,30.4,139,13,0.0,-34.58 -58.48
RIO_CUARTO_AERO,31/ENE/2022,21Hs,22.0,133,14,0.0,-34.58 -58.48
RIO_GALLEGOS_AERO,27/ENE/2022,00Hs,13.0,251,18,0.0,-34.58 -58.48
RIO_GALLEGOS_AERO,27/ENE/2022,03Hs,11.8,241,24,0.0,-34.58 -58.48
RIO_GALLEGOS_AERO,27/ENE/2022,06Hs,9.8,240,17,0.0,-34.58 -58.48
RIO_GALLEGOS_AERO,27/ENE/2022,09Hs,13.0,236,22,0.0,-34.58 -58.48
RIO_GALLEGOS_AERO,27/ENE/2022,12Hs,18.2,235,20,0.0,-34.58 -58.48
RIO_GALLEGOS_AERO,27/ENE/2022,15Hs,21.2,235,16,0.0,-34.58 -58.48
RIO_GALLEGOS_AERO,27/ENE/2022,18Hs,15.4,84,23,0.0,-34.58 -58.48
RIO_GALLEGOS_AERO,27/ENE/2022,21Hs,15.3,63,10,0.0,-34.58 -58.48
RIO_GALLEGOS_AERO,28/ENE/2022,00Hs,13.6,214,5,0.0,-34.58 -58.48
RIO_GALLEGOS_AERO,28/ENE/2022,03Hs,11.8,174,7,0.0,-34.58 -58.48
RIO_GALLEGOS_AERO,28/ENE/2022,06Hs,10.6,93,10,0.0,-34.58 -58.48
RIO_GALLEGOS_AERO,28/ENE/2022,09Hs,13.6,50,13,0.0,-34.58 -58.48
RIO_GALLEGOS_AERO,28/ENE/2022,12Hs,17.6,34,21,0.0,-34.58 -58.48
RIO_GALLEGOS_AERO,28/ENE/2022,15Hs,18.9,47,31,0.0,-34.58 -58.48
RIO_GALLEGOS_AERO,28/ENE/2022,18Hs,17.7,41,29,0.0,-34.58 -58.48
RIO_GALLEGOS_AERO,28/ENE/2022,21Hs,14.6,35,21,0.0,-34.58 -58.48
RIO_GALLEGOS_AERO,29/ENE/2022,00Hs,12.2,48,19,0.0,-34.58 -58.48
RIO_GALLEGOS_AERO,29/ENE/2022,03Hs,11.4,51,12,0.0,-34.58 -58.48
RIO_GALLEGOS_AERO,29/ENE/2022,06Hs,10.7,69,5,0.0,-34.58 -58.48
RIO_GALLEGOS_AERO,29/ENE/2022,09Hs,13.6,240,13,0.0,-34.58 -58.48
RIO_GALLEGOS_AERO,29/ENE/2022,12Hs,17.9,240,1,0.0,-34.58 -58.48
RIO_GALLEGOS_AERO,29/ENE/2022,15Hs,21.9,64,16,0.0,-34.58 -58.48
RIO_GALLEGOS_AERO,29/ENE/2022,18Hs,11.0,218,45,0.3,-34.58 -58.48
RIO_GALLEGOS_AERO,29/ENE/2022,21Hs,8.0,212,43,0.7,-34.58 -58.48
RIO_GALLEGOS_AERO,30/ENE/2022,00Hs,8.7,215,38,0.0,-34.58 -58.48
RIO_GALLEGOS_AERO,30/ENE/2022,03Hs,7.7,230,29,0.0,-34.58 -58.48
RIO_GALLEGOS_AERO,30/ENE/2022,06Hs,5.6,243,30,0.0,-34.58 -58.48
RIO_GALLEGOS_AERO,30/ENE/2022,09Hs,8.2,242,40,0.0,-34.58 -58.48
RIO_GALLEGOS_AERO,30/ENE/2022,12Hs,11.5,234,41,0.0,-34.58 -58.48
RIO_GALLEGOS_AERO,30/ENE/2022,15Hs,12.2,228,47,0.4,-34.58 -58.48
RIO_GALLEGOS_AERO,30/ENE/2022,18Hs,12.6,226,49,0.0,-34.58 -58.48
RIO_GALLEGOS_AERO,30/ENE/2022,21Hs,9.9,244,46,0.0,-34.58 -58.48
RIO_GALLEGOS_AERO,31/ENE/2022,00Hs,7.6,248,41,0.0,-34.58 -58.48
RIO_GALLEGOS_AERO,31/ENE/2022,03Hs,7.7,272,30,0.2,-34.58 -58.48
RIO_GALLEGOS_AERO,31/ENE/2022,06Hs,8.1,293,27,0.0,-34.58 -58.48
RIO_GALLEGOS_AERO,31/ENE/2022,09Hs,11.6,266,49,0.0,-34.58 -58.48
RIO_GALLEGOS_AERO,31/ENE/2022,12Hs,12.2,246,63,0.1,-34.58 -58.48
RIO_GALLEGOS_AERO,31/ENE/2022,15Hs,10.0,254,60,0.1,-34.58 -58.48
RIO_GALLEGOS_AERO,31/ENE/2022,18Hs,10.7,248,69,0.0,-34.58 -58.48
RIO_GALLEGOS_AERO,31/ENE/2022,21Hs,8.5,248,59,0.0,-34.58 -58.48
RIO_GRANDE_B.A.,27/ENE/2022,00Hs,9.3,260,47,0.0,-34.58 -58.48
RIO_GRANDE_B.A.,27/ENE/2022,03Hs,9.1,264,45,0.0,-34.58 -58.48
RIO_GRANDE_B.A.,27/ENE/2022,06Hs,8.9,262,39,0.0,-34.58 -58.48
RIO_GRANDE_B.A.,27/ENE/2022,09Hs,10.7,240,31,0.0,-34.58 -58.48
RIO_GRANDE_B.A.,27/ENE/2022,12Hs,12.6,232,14,0.0,-34.58 -58.48
RIO_GRANDE_B.A.,27/ENE/2022,15Hs,12.6,59,5,0.0,-34.58 -58.48
RIO_GRANDE_B.A.,27/ENE/2022,18Hs,11.4,42,16,0.0,-34.58 -58.48
RIO_GRANDE_B.A.,27/ENE/2022,21Hs,10.2,64,17,0.0,-34.58 -58.48
RIO_GRANDE_B.A.,28/ENE/2022,00Hs,9.3,76,20,0.0,-34.58 -58.48
RIO_GRANDE_B.A.,28/ENE/2022,03Hs,8.5,59,23,0.0,-34.58 -58.48
RIO_GRANDE_B.A.,28/ENE/2022,06Hs,8.4,56,16,0.0,-34.58 -58.48
RIO_GRANDE_B.A.,28/ENE/2022,09Hs,9.1,105,9,0.0,-34.58 -58.48
RIO_GRANDE_B.A.,28/ENE/2022,12Hs,10.3,78,6,0.0,-34.58 -58.48
RIO_GRANDE_B.A.,28/ENE/2022,15Hs,9.8,28,23,0.0,-34.58 -58.48
RIO_GRANDE_B.A.,28/ENE/2022,18Hs,11.3,359,32,0.0,-34.58 -58.48
RIO_GRANDE_B.A.,28/ENE/2022,21Hs,10.9,339,28,0.0,-34.58 -58.48
RIO_GRANDE_B.A.,29/ENE/2022,00Hs,10.2,338,28,0.0,-34.58 -58.48
RIO_GRANDE_B.A.,29/ENE/2022,03Hs,9.9,339,17,0.0,-34.58 -58.48
RIO_GRANDE_B.A.,29/ENE/2022,06Hs,9.8,13,18,0.0,-34.58 -58.48
RIO_GRANDE_B.A.,29/ENE/2022,09Hs,9.9,29,28,0.4,-34.58 -58.48
RIO_GRANDE_B.A.,29/ENE/2022,12Hs,9.9,2,14,0.5,-34.58 -58.48
RIO_GRANDE_B.A.,29/ENE/2022,15Hs,10.6,56,5,0.0,-34.58 -58.48
RIO_GRANDE_B.A.,29/ENE/2022,18Hs,10.5,35,11,0.0,-34.58 -58.48
RIO_GRANDE_B.A.,29/ENE/2022,21Hs,8.1,209,4,9.0,-34.58 -58.48
RIO_GRANDE_B.A.,30/ENE/2022,00Hs,6.3,130,14,14.8,-34.58 -58.48
RIO_GRANDE_B.A.,30/ENE/2022,03Hs,4.5,162,18,4.6,-34.58 -58.48
RIO_GRANDE_B.A.,30/ENE/2022,06Hs,4.7,186,8,1.4,-34.58 -58.48
RIO_GRANDE_B.A.,30/ENE/2022,09Hs,6.6,252,19,0.1,-34.58 -58.48
RIO_GRANDE_B.A.,30/ENE/2022,12Hs,8.9,217,13,0.7,-34.58 -58.48
RIO_GRANDE_B.A.,30/ENE/2022,15Hs,10.3,224,12,1.5,-34.58 -58.48
RIO_GRANDE_B.A.,30/ENE/2022,18Hs,10.6,0,10,0.8,-34.58 -58.48
RIO_GRANDE_B.A.,30/ENE/2022,21Hs,8.1,253,42,0.1,-34.58 -58.48
RIO_GRANDE_B.A.,31/ENE/2022,00Hs,6.5,257,46,0.0,-34.58 -58.48
RIO_GRANDE_B.A.,31/ENE/2022,03Hs,6.0,269,41,0.0,-34.58 -58.48
RIO_GRANDE_B.A.,31/ENE/2022,06Hs,7.1,284,31,0.2,-34.58 -58.48
RIO_GRANDE_B.A.,31/ENE/2022,09Hs,8.7,266,51,0.8,-34.58 -58.48
RIO_GRANDE_B.A.,31/ENE/2022,12Hs,9.7,257,46,0.0,-34.58 -58.48
RIO_GRANDE_B.A.,31/ENE/2022,15Hs,11.1,261,58,0.0,-34.58 -58.48
RIO_GRANDE_B.A.,31/ENE/2022,18Hs,10.4,256,57,0.0,-34.58 -58.48
RIO_GRANDE_B.A.,31/ENE/2022,21Hs,7.2,254,51,0.0,-34.58 -58.48
RIVADAVIA,27/ENE/2022,00Hs,27.4,195,29,0.0,-45.8 -67.47
RIVADAVIA,27/ENE/2022,03Hs,22.6,185,24,2.5,-45.8 -67.47
RIVADAVIA,27/ENE/2022,06Hs,23.0,178,31,5.4,-45.8 -67.47
RIVADAVIA,27/ENE/2022,09Hs,22.3,192,25,2.4,-45.8 -67.47
RIVADAVIA,27/ENE/2022,12Hs,23.0,199,23,0.5,-45.8 -67.47
RIVADAVIA,27/ENE/2022,15Hs,22.7,202,24,0.6,-45.8 -67.47
RIVADAVIA,27/ENE/2022,18Hs,22.4,187,23,0.6,-45.8 -67.47
RIVADAVIA,27/ENE/2022,21Hs,21.2,197,22,0.1,-45.8 -67.47
RIVADAVIA,28/ENE/2022,00Hs,21.2,206,22,0.0,-45.8 -67.47
RIVADAVIA,28/ENE/2022,03Hs,21.0,224,21,0.0,-45.8 -67.47
RIVADAVIA,28/ENE/2022,06Hs,20.8,201,21,0.2,-45.8 -67.47
RIVADAVIA,28/ENE/2022,09Hs,22.5,199,22,0.0,-45.8 -67.47
RIVADAVIA,28/ENE/2022,12Hs,25.1,199,16,0.0,-45.8 -67.47
RIVADAVIA,28/ENE/2022,15Hs,31.1,188,11,0.0,-45.8 -67.47
RIVADAVIA,28/ENE/2022,18Hs,31.3,183,18,0.0,-45.8 -67.47
RIVADAVIA,28/ENE/2022,21Hs,25.2,176,11,0.0,-45.8 -67.47
RIVADAVIA,29/ENE/2022,00Hs,22.6,235,15,0.0,-45.8 -67.47
RIVADAVIA,29/ENE/2022,03Hs,21.4,213,16,0.0,-45.8 -67.47
RIVADAVIA,29/ENE/2022,06Hs,19.6,185,13,0.0,-45.8 -67.47
RIVADAVIA,29/ENE/2022,09Hs,24.3,177,14,0.0,-45.8 -67.47
RIVADAVIA,29/ENE/2022,12Hs,31.2,136,6,0.0,-45.8 -67.47
RIVADAVIA,29/ENE/2022,15Hs,34.7,100,1,0.0,-45.8 -67.47
RIVADAVIA,29/ENE/2022,18Hs,35.3,194,9,0.0,-45.8 -67.47
RIVADAVIA,29/ENE/2022,21Hs,27.0,204,13,0.0,-45.8 -67.47
RIVADAVIA,30/ENE/2022,00Hs,25.6,234,11,0.0,-45.8 -67.47
RIVADAVIA,30/ENE/2022,03Hs,22.6,188,12,0.0,-45.8 -67.47
RIVADAVIA,30/ENE/2022,06Hs,21.8,179,9,0.0,-45.8 -67.47
RIVADAVIA,30/ENE/2022,09Hs,27.0,171,9,0.0,-45.8 -67.47
RIVADAVIA,30/ENE/2022,12Hs,34.3,85,3,0.0,-45.8 -67.47
RIVADAVIA,30/ENE/2022,15Hs,37.6,10,6,0.0,-45.8 -67.47
RIVADAVIA,30/ENE/2022,18Hs,38.1,130,5,0.0,-45.8 -67.47
RIVADAVIA,30/ENE/2022,21Hs,29.5,121,3,0.0,-45.8 -67.47
RIVADAVIA,31/ENE/2022,00Hs,27.1,202,11,0.0,-45.8 -67.47
RIVADAVIA,31/ENE/2022,03Hs,26.6,220,8,0.0,-45.8 -67.47
RIVADAVIA,31/ENE/2022,06Hs,26.1,325,6,0.0,-45.8 -67.47
RIVADAVIA,31/ENE/2022,09Hs,27.8,175,10,0.0,-45.8 -67.47
RIVADAVIA,31/ENE/2022,12Hs,34.1,193,14,0.0,-45.8 -67.47
RIVADAVIA,31/ENE/2022,15Hs,34.0,190,27,0.0,-45.8 -67.47
RIVADAVIA,31/ENE/2022,18Hs,31.3,178,36,0.0,-45.8 -67.47
RIVADAVIA,31/ENE/2022,21Hs,25.9,131,25,0.0,-45.8 -67.47
ROSARIO_AERO,27/ENE/2022,00Hs,20.5,141,25,0.0,-32.9 -60.78
ROSARIO_AERO,27/ENE/2022,03Hs,16.5,151,24,0.0,-32.9 -60.78
ROSARIO_AERO,27/ENE/2022,06Hs,13.0,147,22,0.0,-32.9 -60.78
ROSARIO_AERO,27/ENE/2022,09Hs,16.1,141,23,0.0,-32.9 -60.78
ROSARIO_AERO,27/ENE/2022,12Hs,22.2,140,20,0.0,-32.9 -60.78
ROSARIO_AERO,27/ENE/2022,15Hs,25.4,144,19,0.0,-32.9 -60.78
ROSARIO_AERO,27/ENE/2022,18Hs,24.5,139,16,0.0,-32.9 -60.78
ROSARIO_AERO,27/ENE/2022,21Hs,18.4,134,12,0.0,-32.9 -60.78
ROSARIO_AERO,28/ENE/2022,00Hs,16.2,99,14,0.0,-32.9 -60.78
ROSARIO_AERO,28/ENE/2022,03Hs,13.6,104,11,0.0,-32.9 -60.78
ROSARIO_AERO,28/ENE/2022,06Hs,12.2,103,11,0.0,-32.9 -60.78
ROSARIO_AERO,28/ENE/2022,09Hs,17.9,85,13,0.0,-32.9 -60.78
ROSARIO_AERO,28/ENE/2022,12Hs,23.8,65,10,0.0,-32.9 -60.78
ROSARIO_AERO,28/ENE/2022,15Hs,27.7,52,8,0.0,-32.9 -60.78
ROSARIO_AERO,28/ENE/2022,18Hs,27.9,19,9,0.0,-32.9 -60.78
ROSARIO_AERO,28/ENE/2022,21Hs,19.9,32,10,0.0,-32.9 -60.78
ROSARIO_AERO,29/ENE/2022,00Hs,17.5,69,9,0.0,-32.9 -60.78
ROSARIO_AERO,29/ENE/2022,03Hs,15.6,74,7,0.0,-32.9 -60.78
ROSARIO_AERO,29/ENE/2022,06Hs,14.5,76,8,0.0,-32.9 -60.78
ROSARIO_AERO,29/ENE/2022,09Hs,20.9,50,13,0.0,-32.9 -60.78
ROSARIO_AERO,29/ENE/2022,12Hs,27.8,23,13,0.0,-32.9 -60.78
ROSARIO_AERO,29/ENE/2022,15Hs,31.1,8,11,0.0,-32.9 -60.78
ROSARIO_AERO,29/ENE/2022,18Hs,31.0,17,12,0.0,-32.9 -60.78
ROSARIO_AERO,29/ENE/2022,21Hs,22.8,23,13,0.0,-32.9 -60.78
ROSARIO_AERO,30/ENE/2022,00Hs,20.2,14,10,0.0,-32.9 -60.78
ROSARIO_AERO,30/ENE/2022,03Hs,18.4,42,8,0.0,-32.9 -60.78
ROSARIO_AERO,30/ENE/2022,06Hs,16.9,57,7,0.0,-32.9 -60.78
ROSARIO_AERO,30/ENE/2022,09Hs,23.7,26,14,0.0,-32.9 -60.78
ROSARIO_AERO,30/ENE/2022,12Hs,31.2,355,14,0.0,-32.9 -60.78
ROSARIO_AERO,30/ENE/2022,15Hs,34.1,350,14,0.0,-32.9 -60.78
ROSARIO_AERO,30/ENE/2022,18Hs,33.3,349,13,0.0,-32.9 -60.78
ROSARIO_AERO,30/ENE/2022,21Hs,24.8,349,11,0.0,-32.9 -60.78
ROSARIO_AERO,31/ENE/2022,00Hs,23.5,350,9,0.0,-32.9 -60.78
ROSARIO_AERO,31/ENE/2022,03Hs,21.6,246,10,0.0,-32.9 -60.78
ROSARIO_AERO,31/ENE/2022,06Hs,20.5,223,9,0.0,-32.9 -60.78
ROSARIO_AERO,31/ENE/2022,09Hs,24.4,170,14,0.0,-32.9 -60.78
ROSARIO_AERO,31/ENE/2022,12Hs,31.9,170,13,0.0,-32.9 -60.78
ROSARIO_AERO,31/ENE/2022,15Hs,35.0,169,19,0.0,-32.9 -60.78
ROSARIO_AERO,31/ENE/2022,18Hs,33.7,168,23,0.0,-32.9 -60.78
ROSARIO_AERO,31/ENE/2022,21Hs,25.1,163,15,0.0,-32.9 -60.78
SALTA_AERO,27/ENE/2022,00Hs,17.9,230,7,24.4,-24.85 -65.48
SALTA_AERO,27/ENE/2022,03Hs,16.8,240,8,13.1,-24.85 -65.48
SALTA_AERO,27/ENE/2022,06Hs,16.2,241,8,26.4,-24.85 -65.48
SALTA_AERO,27/ENE/2022,09Hs,16.4,242,6,11.1,-24.85 -65.48
SALTA_AERO,27/ENE/2022,12Hs,17.4,227,3,2.7,-24.85 -65.48
SALTA_AERO,27/ENE/2022,15Hs,17.6,190,3,3.3,-24.85 -65.48
SALTA_AERO,27/ENE/2022,18Hs,16.9,180,1,3.1,-24.85 -65.48
SALTA_AERO,27/ENE/2022,21Hs,16.2,163,4,2.4,-24.85 -65.48
SALTA_AERO,28/ENE/2022,00Hs,15.6,135,4,0.6,-24.85 -65.48
SALTA_AERO,28/ENE/2022,03Hs,15.2,154,4,1.1,-24.85 -65.48
SALTA_AERO,28/ENE/2022,06Hs,14.6,188,3,1.6,-24.85 -65.48
SALTA_AERO,28/ENE/2022,09Hs,15.3,200,4,0.0,-24.85 -65.48
SALTA_AERO,28/ENE/2022,12Hs,18.9,158,7,0.0,-24.85 -65.48
SALTA_AERO,28/ENE/2022,15Hs,22.7,97,9,0.1,-24.85 -65.48
SALTA_AERO,28/ENE/2022,18Hs,17.9,118,5,0.9,-24.85 -65.48
SALTA_AERO,28/ENE/2022,21Hs,16.6,194,3,0.5,-24.85 -65.48
SALTA_AERO,29/ENE/2022,00Hs,16.4,252,5,0.0,-24.85 -65.48
SALTA_AERO,29/ENE/2022,03Hs,15.7,261,5,0.0,-24.85 -65.48
SALTA_AERO,29/ENE/2022,06Hs,15.4,245,5,0.0,-24.85 -65.48
SALTA_AERO,29/ENE/2022,09Hs,18.4,190,3,0.0,-24.85 -65.48
SALTA_AERO,29/ENE/2022,12Hs,24.0,62,9,0.0,-24.85 -65.48
SALTA_AERO,29/ENE/2022,15Hs,25.9,31,5,0.0,-24.85 -65.48
SALTA_AERO,29/ENE/2022,18Hs,23.3,101,4,0.1,-24.85 -65.48
SALTA_AERO,29/ENE/2022,21Hs,18.5,231,7,0.5,-24.85 -65.48
SALTA_AERO,30/ENE/2022,00Hs,18.6,264,6,0.0,-24.85 -65.48
SALTA_AERO,30/ENE/2022,03Hs,16.9,241,7,0.0,-24.85 -65.48
SALTA_AERO,30/ENE/2022,06Hs,15.8,256,8,0.0,-24.85 -65.48
SALTA_AERO,30/ENE/2022,09Hs,20.7,233,6,0.0,-24.85 -65.48
SALTA_AERO,30/ENE/2022,12Hs,26.1,55,11,0.0,-24.85 -65.48
SALTA_AERO,30/ENE/2022,15Hs,27.5,62,11,0.0,-24.85 -65.48
SALTA_AERO,30/ENE/2022,18Hs,27.0,58,7,0.0,-24.85 -65.48
SALTA_AERO,30/ENE/2022,21Hs,21.5,230,6,0.0,-24.85 -65.48
SALTA_AERO,31/ENE/2022,00Hs,18.3,240,8,1.1,-24.85 -65.48
SALTA_AERO,31/ENE/2022,03Hs,17.5,236,10,0.6,-24.85 -65.48
SALTA_AERO,31/ENE/2022,06Hs,17.5,245,9,0.2,-24.85 -65.48
SALTA_AERO,31/ENE/2022,09Hs,18.4,207,6,0.0,-24.85 -65.48
SALTA_AERO,31/ENE/2022,12Hs,26.2,157,10,0.8,-24.85 -65.48
SALTA_AERO,31/ENE/2022,15Hs,25.6,234,9,0.6,-24.85 -65.48
SALTA_AERO,31/ENE/2022,18Hs,18.8,188,4,4.6,-24.85 -65.48
SALTA_AERO,31/ENE/2022,21Hs,16.6,273,8,0.8,-24.85 -65.48
SANTA_CRUZ_AERO,27/ENE/2022,00Hs,15.8,188,11,0.0,-36.6 -64.28
SANTA_CRUZ_AERO,27/ENE/2022,03Hs,14.3,219,8,0.0,-36.6 -64.28
SANTA_CRUZ_AERO,27/ENE/2022,06Hs,12.6,194,8,0.0,-36.6 -64.28
SANTA_CRUZ_AERO,27/ENE/2022,09Hs,13.7,184,11,0.0,-36.6 -64.28
SANTA_CRUZ_AERO,27/ENE/2022,12Hs,15.3,170,12,0.0,-36.6 -64.28
SANTA_CRUZ_AERO,27/ENE/2022,15Hs,16.8,123,14,0.0,-36.6 -64.28
SANTA_CRUZ_AERO,27/ENE/2022,18Hs,18.2,66,18,0.0,-36.6 -64.28
SANTA_CRUZ_AERO,27/ENE/2022,21Hs,16.6,63,21,0.0,-36.6 -64.28
SANTA_CRUZ_AERO,28/ENE/2022,00Hs,14.4,36,15,0.0,-36.6 -64.28
SANTA_CRUZ_AERO,28/ENE/2022,03Hs,13.2,27,8,0.0,-36.6 -64.28
SANTA_CRUZ_AERO,28/ENE/2022,06Hs,12.3,33,10,0.0,-36.6 -64.28
SANTA_CRUZ_AERO,28/ENE/2022,09Hs,14.4,28,15,0.0,-36.6 -64.28
SANTA_CRUZ_AERO,28/ENE/2022,12Hs,18.7,26,24,0.0,-36.6 -64.28
SANTA_CRUZ_AERO,28/ENE/2022,15Hs,22.6,39,28,0.0,-36.6 -64.28
SANTA_CRUZ_AERO,28/ENE/2022,18Hs,20.5,54,42,0.0,-36.6 -64.28
SANTA_CRUZ_AERO,28/ENE/2022,21Hs,17.1,46,29,0.0,-36.6 -64.28
SANTA_CRUZ_AERO,29/ENE/2022,00Hs,16.6,18,15,0.0,-36.6 -64.28
SANTA_CRUZ_AERO,29/ENE/2022,03Hs,16.7,14,21,0.0,-36.6 -64.28
SANTA_CRUZ_AERO,29/ENE/2022,06Hs,16.4,285,15,0.0,-36.6 -64.28
SANTA_CRUZ_AERO,29/ENE/2022,09Hs,18.8,297,20,0.0,-36.6 -64.28
SANTA_CRUZ_AERO,29/ENE/2022,12Hs,21.9,309,25,0.0,-36.6 -64.28
SANTA_CRUZ_AERO,29/ENE/2022,15Hs,24.2,309,27,0.0,-36.6 -64.28
SANTA_CRUZ_AERO,29/ENE/2022,18Hs,23.3,281,27,0.0,-36.6 -64.28
SANTA_CRUZ_AERO,29/ENE/2022,21Hs,10.0,193,48,1.4,-36.6 -64.28
SANTA_CRUZ_AERO,30/ENE/2022,00Hs,7.8,194,45,6.1,-36.6 -64.28
SANTA_CRUZ_AERO,30/ENE/2022,03Hs,8.6,203,43,0.3,-36.6 -64.28
SANTA_CRUZ_AERO,30/ENE/2022,06Hs,7.0,217,42,0.0,-36.6 -64.28
SANTA_CRUZ_AERO,30/ENE/2022,09Hs,8.7,227,44,0.0,-36.6 -64.28
SANTA_CRUZ_AERO,30/ENE/2022,12Hs,11.6,221,41,0.0,-36.6 -64.28
SANTA_CRUZ_AERO,30/ENE/2022,15Hs,12.6,222,43,0.0,-36.6 -64.28
SANTA_CRUZ_AERO,30/ENE/2022,18Hs,12.0,208,49,0.0,-36.6 -64.28
SANTA_CRUZ_AERO,30/ENE/2022,21Hs,10.7,208,38,0.0,-36.6 -64.28
SANTA_CRUZ_AERO,31/ENE/2022,00Hs,8.9,210,29,0.0,-36.6 -64.28
SANTA_CRUZ_AERO,31/ENE/2022,03Hs,8.9,329,14,0.0,-36.6 -64.28
SANTA_CRUZ_AERO,31/ENE/2022,06Hs,9.7,332,26,0.0,-36.6 -64.28
SANTA_CRUZ_AERO,31/ENE/2022,09Hs,11.2,284,35,0.0,-36.6 -64.28
SANTA_CRUZ_AERO,31/ENE/2022,12Hs,15.3,219,41,0.0,-36.6 -64.28
SANTA_CRUZ_AERO,31/ENE/2022,15Hs,14.1,218,60,0.0,-36.6 -64.28
SANTA_CRUZ_AERO,31/ENE/2022,18Hs,13.1,221,53,0.0,-36.6 -64.28
SANTA_CRUZ_AERO,31/ENE/2022,21Hs,11.2,217,38,0.0,-36.6 -64.28
SANTA_ROSA_AERO,27/ENE/2022,00Hs,18.1,89,11,0.0,-36.6 -64.28
SANTA_ROSA_AERO,27/ENE/2022,03Hs,14.6,84,14,0.0,-36.6 -64.28
SANTA_ROSA_AERO,27/ENE/2022,06Hs,11.9,77,11,0.0,-36.6 -64.28
SANTA_ROSA_AERO,27/ENE/2022,09Hs,16.5,51,14,0.0,-36.6 -64.28
SANTA_ROSA_AERO,27/ENE/2022,12Hs,23.5,53,16,0.0,-36.6 -64.28
SANTA_ROSA_AERO,27/ENE/2022,15Hs,27.4,54,18,0.0,-36.6 -64.28
SANTA_ROSA_AERO,27/ENE/2022,18Hs,27.2,35,21,0.0,-36.6 -64.28
SANTA_ROSA_AERO,27/ENE/2022,21Hs,20.4,13,23,0.0,-36.6 -64.28
SANTA_ROSA_AERO,28/ENE/2022,00Hs,16.2,3,16,0.0,-36.6 -64.28
SANTA_ROSA_AERO,28/ENE/2022,03Hs,13.9,13,14,0.0,-36.6 -64.28
SANTA_ROSA_AERO,28/ENE/2022,06Hs,12.4,16,14,0.0,-36.6 -64.28
SANTA_ROSA_AERO,28/ENE/2022,09Hs,19.3,16,23,0.0,-36.6 -64.28
SANTA_ROSA_AERO,28/ENE/2022,12Hs,26.8,14,26,0.0,-36.6 -64.28
SANTA_ROSA_AERO,28/ENE/2022,15Hs,30.8,9,25,0.0,-36.6 -64.28
SANTA_ROSA_AERO,28/ENE/2022,18Hs,30.7,8,24,0.0,-36.6 -64.28
SANTA_ROSA_AERO,28/ENE/2022,21Hs,24.6,34,26,0.0,-36.6 -64.28
SANTA_ROSA_AERO,29/ENE/2022,00Hs,20.7,27,22,0.0,-36.6 -64.28
SANTA_ROSA_AERO,29/ENE/2022,03Hs,17.9,15,13,0.1,-36.6 -64.28
SANTA_ROSA_AERO,29/ENE/2022,06Hs,18.0,9,15,0.0,-36.6 -64.28
SANTA_ROSA_AERO,29/ENE/2022,09Hs,23.3,350,21,0.0,-36.6 -64.28
SANTA_ROSA_AERO,29/ENE/2022,12Hs,31.9,347,19,0.0,-36.6 -64.28
SANTA_ROSA_AERO,29/ENE/2022,15Hs,36.3,345,19,0.0,-36.6 -64.28
SANTA_ROSA_AERO,29/ENE/2022,18Hs,20.4,167,38,3.2,-36.6 -64.28
SANTA_ROSA_AERO,29/ENE/2022,21Hs,20.6,46,33,2.6,-36.6 -64.28
SANTA_ROSA_AERO,30/ENE/2022,00Hs,18.7,47,13,0.2,-36.6 -64.28
SANTA_ROSA_AERO,30/ENE/2022,03Hs,17.7,326,17,0.0,-36.6 -64.28
SANTA_ROSA_AERO,30/ENE/2022,06Hs,18.7,277,15,0.0,-36.6 -64.28
SANTA_ROSA_AERO,30/ENE/2022,09Hs,24.6,215,11,0.0,-36.6 -64.28
SANTA_ROSA_AERO,30/ENE/2022,12Hs,30.9,201,24,0.0,-36.6 -64.28
SANTA_ROSA_AERO,30/ENE/2022,15Hs,32.0,209,23,0.0,-36.6 -64.28
SANTA_ROSA_AERO,30/ENE/2022,18Hs,29.7,212,25,0.0,-36.6 -64.28
SANTA_ROSA_AERO,30/ENE/2022,21Hs,23.1,178,8,0.0,-36.6 -64.28
SANTA_ROSA_AERO,31/ENE/2022,00Hs,19.7,225,15,0.0,-36.6 -64.28
SANTA_ROSA_AERO,31/ENE/2022,03Hs,15.0,165,16,0.0,-36.6 -64.28
SANTA_ROSA_AERO,31/ENE/2022,06Hs,13.5,147,17,0.0,-36.6 -64.28
SANTA_ROSA_AERO,31/ENE/2022,09Hs,17.2,130,19,0.0,-36.6 -64.28
SANTA_ROSA_AERO,31/ENE/2022,12Hs,23.0,97,10,0.0,-36.6 -64.28
SANTA_ROSA_AERO,31/ENE/2022,15Hs,28.2,169,3,0.0,-36.6 -64.28
SANTA_ROSA_AERO,31/ENE/2022,18Hs,29.6,268,6,0.0,-36.6 -64.28
SANTA_ROSA_AERO,31/ENE/2022,21Hs,22.2,197,8,0.0,-36.6 -64.28
SANTA_ROSA_DE_CONLARA_AERO,27/ENE/2022,00Hs,19.3,126,31,0.0,-36.6 -64.28
SANTA_ROSA_DE_CONLARA_AERO,27/ENE/2022,03Hs,18.5,119,30,0.0,-36.6 -64.28
SANTA_ROSA_DE_CONLARA_AERO,27/ENE/2022,06Hs,17.0,127,20,0.0,-36.6 -64.28
SANTA_ROSA_DE_CONLARA_AERO,27/ENE/2022,09Hs,16.5,103,21,0.0,-36.6 -64.28
SANTA_ROSA_DE_CONLARA_AERO,27/ENE/2022,12Hs,21.7,105,14,0.0,-36.6 -64.28
SANTA_ROSA_DE_CONLARA_AERO,27/ENE/2022,15Hs,25.2,46,20,0.0,-36.6 -64.28
SANTA_ROSA_DE_CONLARA_AERO,27/ENE/2022,18Hs,22.0,353,27,0.5,-36.6 -64.28
SANTA_ROSA_DE_CONLARA_AERO,27/ENE/2022,21Hs,19.5,57,13,0.2,-36.6 -64.28
SANTA_ROSA_DE_CONLARA_AERO,28/ENE/2022,00Hs,18.1,22,13,0.0,-36.6 -64.28
SANTA_ROSA_DE_CONLARA_AERO,28/ENE/2022,03Hs,16.9,26,12,0.0,-36.6 -64.28
SANTA_ROSA_DE_CONLARA_AERO,28/ENE/2022,06Hs,15.6,16,9,0.0,-36.6 -64.28
SANTA_ROSA_DE_CONLARA_AERO,28/ENE/2022,09Hs,19.3,354,15,0.0,-36.6 -64.28
SANTA_ROSA_DE_CONLARA_AERO,28/ENE/2022,12Hs,24.5,346,20,0.0,-36.6 -64.28
SANTA_ROSA_DE_CONLARA_AERO,28/ENE/2022,15Hs,27.9,341,19,0.0,-36.6 -64.28
SANTA_ROSA_DE_CONLARA_AERO,28/ENE/2022,18Hs,27.9,19,15,0.0,-36.6 -64.28
SANTA_ROSA_DE_CONLARA_AERO,28/ENE/2022,21Hs,23.7,13,10,0.0,-36.6 -64.28
SANTA_ROSA_DE_CONLARA_AERO,29/ENE/2022,00Hs,19.5,19,17,0.0,-36.6 -64.28
SANTA_ROSA_DE_CONLARA_AERO,29/ENE/2022,03Hs,18.3,40,10,0.0,-36.6 -64.28
SANTA_ROSA_DE_CONLARA_AERO,29/ENE/2022,06Hs,17.1,13,6,0.0,-36.6 -64.28
SANTA_ROSA_DE_CONLARA_AERO,29/ENE/2022,09Hs,22.1,341,7,0.0,-36.6 -64.28
SANTA_ROSA_DE_CONLARA_AERO,29/ENE/2022,12Hs,27.7,354,16,0.0,-36.6 -64.28
SANTA_ROSA_DE_CONLARA_AERO,29/ENE/2022,15Hs,30.8,338,17,0.0,-36.6 -64.28
SANTA_ROSA_DE_CONLARA_AERO,29/ENE/2022,18Hs,31.0,311,19,0.0,-36.6 -64.28
SANTA_ROSA_DE_CONLARA_AERO,29/ENE/2022,21Hs,23.9,8,14,0.0,-36.6 -64.28
SANTA_ROSA_DE_CONLARA_AERO,30/ENE/2022,00Hs,21.3,26,16,0.0,-36.6 -64.28
SANTA_ROSA_DE_CONLARA_AERO,30/ENE/2022,03Hs,19.9,31,12,0.0,-36.6 -64.28
SANTA_ROSA_DE_CONLARA_AERO,30/ENE/2022,06Hs,18.3,11,4,0.0,-36.6 -64.28
SANTA_ROSA_DE_CONLARA_AERO,30/ENE/2022,09Hs,24.0,4,6,0.0,-36.6 -64.28
SANTA_ROSA_DE_CONLARA_AERO,30/ENE/2022,12Hs,29.7,355,13,0.0,-36.6 -64.28
SANTA_ROSA_DE_CONLARA_AERO,30/ENE/2022,15Hs,32.6,331,17,0.0,-36.6 -64.28
SANTA_ROSA_DE_CONLARA_AERO,30/ENE/2022,18Hs,32.8,301,21,0.0,-36.6 -64.28
SANTA_ROSA_DE_CONLARA_AERO,30/ENE/2022,21Hs,22.3,121,36,0.0,-36.6 -64.28
SANTA_ROSA_DE_CONLARA_AERO,31/ENE/2022,00Hs,20.1,182,16,0.0,-36.6 -64.28
SANTA_ROSA_DE_CONLARA_AERO,31/ENE/2022,03Hs,20.9,183,17,0.0,-36.6 -64.28
SANTA_ROSA_DE_CONLARA_AERO,31/ENE/2022,06Hs,18.7,164,19,0.4,-36.6 -64.28
SANTA_ROSA_DE_CONLARA_AERO,31/ENE/2022,09Hs,20.5,140,28,0.4,-36.6 -64.28
SANTA_ROSA_DE_CONLARA_AERO,31/ENE/2022,12Hs,26.5,172,6,0.6,-36.6 -64.28
SANTA_ROSA_DE_CONLARA_AERO,31/ENE/2022,15Hs,30.3,237,4,0.0,-36.6 -64.28
SANTA_ROSA_DE_CONLARA_AERO,31/ENE/2022,18Hs,28.3,286,38,0.0,-36.6 -64.28
SANTA_ROSA_DE_CONLARA_AERO,31/ENE/2022,21Hs,25.8,161,4,0.0,-36.6 -64.28
SANTA_TERESITA_AERO,27/ENE/2022,00Hs,17.1,161,48,0.0,-36.6 -64.28
SANTA_TERESITA_AERO,27/ENE/2022,03Hs,17.0,168,44,0.0,-36.6 -64.28
SANTA_TERESITA_AERO,27/ENE/2022,06Hs,17.1,170,42,0.0,-36.6 -64.28
SANTA_TERESITA_AERO,27/ENE/2022,09Hs,17.2,166,40,0.0,-36.6 -64.28
SANTA_TERESITA_AERO,27/ENE/2022,12Hs,17.3,158,32,0.0,-36.6 -64.28
SANTA_TERESITA_AERO,27/ENE/2022,15Hs,17.4,153,26,0.0,-36.6 -64.28
SANTA_TERESITA_AERO,27/ENE/2022,18Hs,17.4,152,22,0.0,-36.6 -64.28
SANTA_TERESITA_AERO,27/ENE/2022,21Hs,17.3,135,19,0.0,-36.6 -64.28
SANTA_TERESITA_AERO,28/ENE/2022,00Hs,17.0,115,14,0.0,-36.6 -64.28
SANTA_TERESITA_AERO,28/ENE/2022,03Hs,16.9,104,9,0.0,-36.6 -64.28
SANTA_TERESITA_AERO,28/ENE/2022,06Hs,17.0,91,8,0.0,-36.6 -64.28
SANTA_TERESITA_AERO,28/ENE/2022,09Hs,17.3,40,5,0.0,-36.6 -64.28
SANTA_TERESITA_AERO,28/ENE/2022,12Hs,17.7,1,5,0.0,-36.6 -64.28
SANTA_TERESITA_AERO,28/ENE/2022,15Hs,18.5,10,10,0.0,-36.6 -64.28
SANTA_TERESITA_AERO,28/ENE/2022,18Hs,19.1,36,13,0.0,-36.6 -64.28
SANTA_TERESITA_AERO,28/ENE/2022,21Hs,19.5,48,19,0.0,-36.6 -64.28
SANTA_TERESITA_AERO,29/ENE/2022,00Hs,19.9,30,23,0.0,-36.6 -64.28
SANTA_TERESITA_AERO,29/ENE/2022,03Hs,20.2,15,23,0.0,-36.6 -64.28
SANTA_TERESITA_AERO,29/ENE/2022,06Hs,20.4,342,24,0.0,-36.6 -64.28
SANTA_TERESITA_AERO,29/ENE/2022,09Hs,20.4,345,22,0.0,-36.6 -64.28
SANTA_TERESITA_AERO,29/ENE/2022,12Hs,20.7,343,22,0.0,-36.6 -64.28
SANTA_TERESITA_AERO,29/ENE/2022,15Hs,21.0,2,22,0.0,-36.6 -64.28
SANTA_TERESITA_AERO,29/ENE/2022,18Hs,21.4,26,23,0.0,-36.6 -64.28
SANTA_TERESITA_AERO,29/ENE/2022,21Hs,21.6,39,30,0.0,-36.6 -64.28
SANTA_TERESITA_AERO,30/ENE/2022,00Hs,21.8,33,35,0.0,-36.6 -64.28
SANTA_TERESITA_AERO,30/ENE/2022,03Hs,22.1,21,34,0.0,-36.6 -64.28
SANTA_TERESITA_AERO,30/ENE/2022,06Hs,21.6,3,38,0.0,-36.6 -64.28
SANTA_TERESITA_AERO,30/ENE/2022,09Hs,21.4,356,34,0.0,-36.6 -64.28
SANTA_TERESITA_AERO,30/ENE/2022,12Hs,21.5,350,29,0.0,-36.6 -64.28
SANTA_TERESITA_AERO,30/ENE/2022,15Hs,22.1,360,30,0.0,-36.6 -64.28
SANTA_TERESITA_AERO,30/ENE/2022,18Hs,22.5,25,27,0.0,-36.6 -64.28
SANTA_TERESITA_AERO,30/ENE/2022,21Hs,22.3,40,32,0.0,-36.6 -64.28
SANTA_TERESITA_AERO,31/ENE/2022,00Hs,23.2,22,27,0.0,-36.6 -64.28
SANTA_TERESITA_AERO,31/ENE/2022,03Hs,22.5,1,35,0.0,-36.6 -64.28
SANTA_TERESITA_AERO,31/ENE/2022,06Hs,22.5,293,20,0.0,-36.6 -64.28
SANTA_TERESITA_AERO,31/ENE/2022,09Hs,19.9,183,37,0.0,-36.6 -64.28
SANTA_TERESITA_AERO,31/ENE/2022,12Hs,19.7,167,41,0.0,-36.6 -64.28
SANTA_TERESITA_AERO,31/ENE/2022,15Hs,19.5,161,39,0.0,-36.6 -64.28
SANTA_TERESITA_AERO,31/ENE/2022,18Hs,19.2,152,32,0.0,-36.6 -64.28
SANTA_TERESITA_AERO,31/ENE/2022,21Hs,19.0,132,28,0.0,-36.6 -64.28
SANTIAGO_DEL_ESTERO_AERO,27/ENE/2022,00Hs,21.9,218,10,14.5,-27.75 -64.3
SANTIAGO_DEL_ESTERO_AERO,27/ENE/2022,03Hs,22.4,207,11,1.3,-27.75 -64.3
SANTIAGO_DEL_ESTERO_AERO,27/ENE/2022,06Hs,21.3,167,21,3.5,-27.75 -64.3
SANTIAGO_DEL_ESTERO_AERO,27/ENE/2022,09Hs,20.9,158,22,0.2,-27.75 -64.3
SANTIAGO_DEL_ESTERO_AERO,27/ENE/2022,12Hs,21.8,149,21,0.0,-27.75 -64.3
SANTIAGO_DEL_ESTERO_AERO,27/ENE/2022,15Hs,24.1,148,21,0.1,-27.75 -64.3
SANTIAGO_DEL_ESTERO_AERO,27/ENE/2022,18Hs,24.1,150,16,0.0,-27.75 -64.3
SANTIAGO_DEL_ESTERO_AERO,27/ENE/2022,21Hs,22.4,165,10,0.0,-27.75 -64.3
SANTIAGO_DEL_ESTERO_AERO,28/ENE/2022,00Hs,21.9,193,9,0.0,-27.75 -64.3
SANTIAGO_DEL_ESTERO_AERO,28/ENE/2022,03Hs,19.8,147,9,0.0,-27.75 -64.3
SANTIAGO_DEL_ESTERO_AERO,28/ENE/2022,06Hs,18.0,141,9,0.0,-27.75 -64.3
SANTIAGO_DEL_ESTERO_AERO,28/ENE/2022,09Hs,20.7,126,9,0.0,-27.75 -64.3
SANTIAGO_DEL_ESTERO_AERO,28/ENE/2022,12Hs,26.2,126,4,0.0,-27.75 -64.3
SANTIAGO_DEL_ESTERO_AERO,28/ENE/2022,15Hs,29.7,352,1,0.0,-27.75 -64.3
SANTIAGO_DEL_ESTERO_AERO,28/ENE/2022,18Hs,29.8,2,5,0.0,-27.75 -64.3
SANTIAGO_DEL_ESTERO_AERO,28/ENE/2022,21Hs,24.9,297,12,0.0,-27.75 -64.3
SANTIAGO_DEL_ESTERO_AERO,29/ENE/2022,00Hs,22.5,124,2,0.0,-27.75 -64.3
SANTIAGO_DEL_ESTERO_AERO,29/ENE/2022,03Hs,20.9,111,7,0.0,-27.75 -64.3
SANTIAGO_DEL_ESTERO_AERO,29/ENE/2022,06Hs,18.8,119,9,0.0,-27.75 -64.3
SANTIAGO_DEL_ESTERO_AERO,29/ENE/2022,09Hs,22.1,79,5,0.0,-27.75 -64.3
SANTIAGO_DEL_ESTERO_AERO,29/ENE/2022,12Hs,28.1,58,6,0.0,-27.75 -64.3
SANTIAGO_DEL_ESTERO_AERO,29/ENE/2022,15Hs,31.3,20,8,0.0,-27.75 -64.3
SANTIAGO_DEL_ESTERO_AERO,29/ENE/2022,18Hs,31.6,3,8,0.0,-27.75 -64.3
SANTIAGO_DEL_ESTERO_AERO,29/ENE/2022,21Hs,26.5,290,11,0.0,-27.75 -64.3
SANTIAGO_DEL_ESTERO_AERO,30/ENE/2022,00Hs,24.1,157,10,0.0,-27.75 -64.3
SANTIAGO_DEL_ESTERO_AERO,30/ENE/2022,03Hs,22.6,113,10,0.0,-27.75 -64.3
SANTIAGO_DEL_ESTERO_AERO,30/ENE/2022,06Hs,20.7,120,7,0.0,-27.75 -64.3
SANTIAGO_DEL_ESTERO_AERO,30/ENE/2022,09Hs,24.5,133,7,0.0,-27.75 -64.3
SANTIAGO_DEL_ESTERO_AERO,30/ENE/2022,12Hs,31.3,37,4,0.0,-27.75 -64.3
SANTIAGO_DEL_ESTERO_AERO,30/ENE/2022,15Hs,34.6,19,11,0.0,-27.75 -64.3
SANTIAGO_DEL_ESTERO_AERO,30/ENE/2022,18Hs,34.8,343,5,0.0,-27.75 -64.3
SANTIAGO_DEL_ESTERO_AERO,30/ENE/2022,21Hs,29.3,242,9,0.0,-27.75 -64.3
SANTIAGO_DEL_ESTERO_AERO,31/ENE/2022,00Hs,26.1,229,9,0.0,-27.75 -64.3
SANTIAGO_DEL_ESTERO_AERO,31/ENE/2022,03Hs,25.1,182,12,0.0,-27.75 -64.3
SANTIAGO_DEL_ESTERO_AERO,31/ENE/2022,06Hs,22.8,169,12,0.0,-27.75 -64.3
SANTIAGO_DEL_ESTERO_AERO,31/ENE/2022,09Hs,24.5,176,16,0.0,-27.75 -64.3
SANTIAGO_DEL_ESTERO_AERO,31/ENE/2022,12Hs,27.2,170,19,0.0,-27.75 -64.3
SANTIAGO_DEL_ESTERO_AERO,31/ENE/2022,15Hs,25.5,195,17,0.0,-27.75 -64.3
SANTIAGO_DEL_ESTERO_AERO,31/ENE/2022,18Hs,27.3,222,11,0.0,-27.75 -64.3
SANTIAGO_DEL_ESTERO_AERO,31/ENE/2022,21Hs,24.9,242,6,0.0,-27.75 -64.3
SAN_ANTONIO_OESTE_AERO,27/ENE/2022,00Hs,17.7,72,23,0.0,-68.13 -67.1
SAN_ANTONIO_OESTE_AERO,27/ENE/2022,03Hs,17.1,20,18,0.0,-68.13 -67.1
SAN_ANTONIO_OESTE_AERO,27/ENE/2022,06Hs,16.1,8,14,0.0,-68.13 -67.1
SAN_ANTONIO_OESTE_AERO,27/ENE/2022,09Hs,18.5,338,26,0.0,-68.13 -67.1
SAN_ANTONIO_OESTE_AERO,27/ENE/2022,12Hs,23.3,335,23,0.0,-68.13 -67.1
SAN_ANTONIO_OESTE_AERO,27/ENE/2022,15Hs,26.9,341,23,0.0,-68.13 -67.1
SAN_ANTONIO_OESTE_AERO,27/ENE/2022,18Hs,28.0,345,26,0.0,-68.13 -67.1
SAN_ANTONIO_OESTE_AERO,27/ENE/2022,21Hs,26.5,353,23,0.0,-68.13 -67.1
SAN_ANTONIO_OESTE_AERO,28/ENE/2022,00Hs,24.5,4,30,0.0,-68.13 -67.1
SAN_ANTONIO_OESTE_AERO,28/ENE/2022,03Hs,22.3,354,38,0.0,-68.13 -67.1
SAN_ANTONIO_OESTE_AERO,28/ENE/2022,06Hs,21.1,331,31,0.0,-68.13 -67.1
SAN_ANTONIO_OESTE_AERO,28/ENE/2022,09Hs,23.7,321,35,0.0,-68.13 -67.1
SAN_ANTONIO_OESTE_AERO,28/ENE/2022,12Hs,28.0,327,31,0.0,-68.13 -67.1
SAN_ANTONIO_OESTE_AERO,28/ENE/2022,15Hs,30.7,329,27,0.0,-68.13 -67.1
SAN_ANTONIO_OESTE_AERO,28/ENE/2022,18Hs,31.7,337,24,0.0,-68.13 -67.1
SAN_ANTONIO_OESTE_AERO,28/ENE/2022,21Hs,30.4,357,22,0.0,-68.13 -67.1
SAN_ANTONIO_OESTE_AERO,29/ENE/2022,00Hs,28.5,4,23,0.0,-68.13 -67.1
SAN_ANTONIO_OESTE_AERO,29/ENE/2022,03Hs,27.1,351,35,0.0,-68.13 -67.1
SAN_ANTONIO_OESTE_AERO,29/ENE/2022,06Hs,24.8,349,32,0.0,-68.13 -67.1
SAN_ANTONIO_OESTE_AERO,29/ENE/2022,09Hs,26.9,306,13,0.0,-68.13 -67.1
SAN_ANTONIO_OESTE_AERO,29/ENE/2022,12Hs,24.4,155,21,0.0,-68.13 -67.1
SAN_ANTONIO_OESTE_AERO,29/ENE/2022,15Hs,25.9,140,14,0.0,-68.13 -67.1
SAN_ANTONIO_OESTE_AERO,29/ENE/2022,18Hs,26.4,135,19,0.0,-68.13 -67.1
SAN_ANTONIO_OESTE_AERO,29/ENE/2022,21Hs,25.3,139,16,0.0,-68.13 -67.1
SAN_ANTONIO_OESTE_AERO,30/ENE/2022,00Hs,21.8,183,20,0.0,-68.13 -67.1
SAN_ANTONIO_OESTE_AERO,30/ENE/2022,03Hs,25.2,292,17,0.0,-68.13 -67.1
SAN_ANTONIO_OESTE_AERO,30/ENE/2022,06Hs,23.2,223,21,0.0,-68.13 -67.1
SAN_ANTONIO_OESTE_AERO,30/ENE/2022,09Hs,23.0,177,21,0.0,-68.13 -67.1
SAN_ANTONIO_OESTE_AERO,30/ENE/2022,12Hs,22.8,128,27,0.0,-68.13 -67.1
SAN_ANTONIO_OESTE_AERO,30/ENE/2022,15Hs,19.2,179,46,0.0,-68.13 -67.1
SAN_ANTONIO_OESTE_AERO,30/ENE/2022,18Hs,17.2,138,9,0.0,-68.13 -67.1
SAN_ANTONIO_OESTE_AERO,30/ENE/2022,21Hs,16.4,144,36,0.0,-68.13 -67.1
SAN_ANTONIO_OESTE_AERO,31/ENE/2022,00Hs,15.9,163,26,0.0,-68.13 -67.1
SAN_ANTONIO_OESTE_AERO,31/ENE/2022,03Hs,14.5,157,9,0.0,-68.13 -67.1
SAN_ANTONIO_OESTE_AERO,31/ENE/2022,06Hs,13.8,279,9,0.0,-68.13 -67.1
SAN_ANTONIO_OESTE_AERO,31/ENE/2022,09Hs,16.8,292,18,0.0,-68.13 -67.1
SAN_ANTONIO_OESTE_AERO,31/ENE/2022,12Hs,21.1,294,23,0.0,-68.13 -67.1
SAN_ANTONIO_OESTE_AERO,31/ENE/2022,15Hs,24.9,294,31,0.0,-68.13 -67.1
SAN_ANTONIO_OESTE_AERO,31/ENE/2022,18Hs,27.6,304,32,0.0,-68.13 -67.1
SAN_ANTONIO_OESTE_AERO,31/ENE/2022,21Hs,21.3,115,20,0.0,-68.13 -67.1
SAN_CARLOS_(MZA),27/ENE/2022,00Hs,18.2,158,28,1.9,-68.13 -67.1
SAN_CARLOS_(MZA),27/ENE/2022,03Hs,17.1,108,27,5.8,-68.13 -67.1
SAN_CARLOS_(MZA),27/ENE/2022,06Hs,15.9,203,25,3.9,-68.13 -67.1
SAN_CARLOS_(MZA),27/ENE/2022,09Hs,16.9,193,15,0.2,-68.13 -67.1
SAN_CARLOS_(MZA),27/ENE/2022,12Hs,20.5,116,22,0.0,-68.13 -67.1
SAN_CARLOS_(MZA),27/ENE/2022,15Hs,22.6,90,14,0.0,-68.13 -67.1
SAN_CARLOS_(MZA),27/ENE/2022,18Hs,22.2,320,10,0.0,-68.13 -67.1
SAN_CARLOS_(MZA),27/ENE/2022,21Hs,21.2,246,8,0.0,-68.13 -67.1
SAN_CARLOS_(MZA),28/ENE/2022,00Hs,20.3,18,1,0.0,-68.13 -67.1
SAN_CARLOS_(MZA),28/ENE/2022,03Hs,18.0,41,13,0.0,-68.13 -67.1
SAN_CARLOS_(MZA),28/ENE/2022,06Hs,16.9,45,11,0.0,-68.13 -67.1
SAN_CARLOS_(MZA),28/ENE/2022,09Hs,18.9,15,13,0.0,-68.13 -67.1
SAN_CARLOS_(MZA),28/ENE/2022,12Hs,23.4,17,18,0.0,-68.13 -67.1
SAN_CARLOS_(MZA),28/ENE/2022,15Hs,26.7,21,18,0.0,-68.13 -67.1
SAN_CARLOS_(MZA),28/ENE/2022,18Hs,27.8,26,16,0.0,-68.13 -67.1
SAN_CARLOS_(MZA),28/ENE/2022,21Hs,25.7,29,16,0.0,-68.13 -67.1
SAN_CARLOS_(MZA),29/ENE/2022,00Hs,23.5,48,17,0.0,-68.13 -67.1
SAN_CARLOS_(MZA),29/ENE/2022,03Hs,19.6,48,10,1.6,-68.13 -67.1
SAN_CARLOS_(MZA),29/ENE/2022,06Hs,19.3,252,4,0.9,-68.13 -67.1
SAN_CARLOS_(MZA),29/ENE/2022,09Hs,21.0,56,3,0.0,-68.13 -67.1
SAN_CARLOS_(MZA),29/ENE/2022,12Hs,25.9,23,9,0.0,-68.13 -67.1
SAN_CARLOS_(MZA),29/ENE/2022,15Hs,29.3,39,19,0.0,-68.13 -67.1
SAN_CARLOS_(MZA),29/ENE/2022,18Hs,30.1,37,17,0.0,-68.13 -67.1
SAN_CARLOS_(MZA),29/ENE/2022,21Hs,27.6,24,16,0.0,-68.13 -67.1
SAN_CARLOS_(MZA),30/ENE/2022,00Hs,23.5,45,14,0.6,-68.13 -67.1
SAN_CARLOS_(MZA),30/ENE/2022,03Hs,22.2,118,10,1.4,-68.13 -67.1
SAN_CARLOS_(MZA),30/ENE/2022,06Hs,20.8,46,4,1.1,-68.13 -67.1
SAN_CARLOS_(MZA),30/ENE/2022,09Hs,20.9,149,15,2.1,-68.13 -67.1
SAN_CARLOS_(MZA),30/ENE/2022,12Hs,25.1,106,3,0.2,-68.13 -67.1
SAN_CARLOS_(MZA),30/ENE/2022,15Hs,28.8,76,14,0.0,-68.13 -67.1
SAN_CARLOS_(MZA),30/ENE/2022,18Hs,29.9,93,16,0.0,-68.13 -67.1
SAN_CARLOS_(MZA),30/ENE/2022,21Hs,27.9,106,16,0.0,-68.13 -67.1
SAN_CARLOS_(MZA),31/ENE/2022,00Hs,20.2,162,13,1.8,-68.13 -67.1
SAN_CARLOS_(MZA),31/ENE/2022,03Hs,18.7,249,13,1.8,-68.13 -67.1
SAN_CARLOS_(MZA),31/ENE/2022,06Hs,17.8,145,26,0.0,-68.13 -67.1
SAN_CARLOS_(MZA),31/ENE/2022,09Hs,18.2,149,18,0.0,-68.13 -67.1
SAN_CARLOS_(MZA),31/ENE/2022,12Hs,21.7,64,8,0.0,-68.13 -67.1
SAN_CARLOS_(MZA),31/ENE/2022,15Hs,25.1,56,14,0.0,-68.13 -67.1
SAN_CARLOS_(MZA),31/ENE/2022,18Hs,26.4,32,12,0.0,-68.13 -67.1
SAN_CARLOS_(MZA),31/ENE/2022,21Hs,24.7,8,10,0.0,-68.13 -67.1
SAN_FERNANDO,27/ENE/2022,00Hs,15.7,149,15,0.0,-68.13 -67.1
SAN_FERNANDO,27/ENE/2022,03Hs,13.5,158,13,0.0,-68.13 -67.1
SAN_FERNANDO,27/ENE/2022,06Hs,12.4,158,12,0.0,-68.13 -67.1
SAN_FERNANDO,27/ENE/2022,09Hs,15.9,147,14,0.0,-68.13 -67.1
SAN_FERNANDO,27/ENE/2022,12Hs,20.2,134,13,0.0,-68.13 -67.1
SAN_FERNANDO,27/ENE/2022,15Hs,22.0,110,13,0.0,-68.13 -67.1
SAN_FERNANDO,27/ENE/2022,18Hs,20.5,98,12,0.0,-68.13 -67.1
SAN_FERNANDO,27/ENE/2022,21Hs,14.8,93,6,0.0,-68.13 -67.1
SAN_FERNANDO,28/ENE/2022,00Hs,13.3,39,3,0.0,-68.13 -67.1
SAN_FERNANDO,28/ENE/2022,03Hs,12.2,48,4,0.0,-68.13 -67.1
SAN_FERNANDO,28/ENE/2022,06Hs,11.5,42,4,0.0,-68.13 -67.1
SAN_FERNANDO,28/ENE/2022,09Hs,18.2,78,7,0.0,-68.13 -67.1
SAN_FERNANDO,28/ENE/2022,12Hs,23.3,97,9,0.0,-68.13 -67.1
SAN_FERNANDO,28/ENE/2022,15Hs,25.2,108,10,0.0,-68.13 -67.1
SAN_FERNANDO,28/ENE/2022,18Hs,23.6,105,11,0.0,-68.13 -67.1
SAN_FERNANDO,28/ENE/2022,21Hs,15.8,109,7,0.0,-68.13 -67.1
SAN_FERNANDO,29/ENE/2022,00Hs,15.6,86,7,0.0,-68.13 -67.1
SAN_FERNANDO,29/ENE/2022,03Hs,14.5,74,6,0.0,-68.13 -67.1
SAN_FERNANDO,29/ENE/2022,06Hs,13.4,43,5,0.0,-68.13 -67.1
SAN_FERNANDO,29/ENE/2022,09Hs,20.9,20,9,0.0,-68.13 -67.1
SAN_FERNANDO,29/ENE/2022,12Hs,27.2,20,9,0.0,-68.13 -67.1
SAN_FERNANDO,29/ENE/2022,15Hs,29.9,33,8,0.0,-68.13 -67.1
SAN_FERNANDO,29/ENE/2022,18Hs,28.3,53,10,0.0,-68.13 -67.1
SAN_FERNANDO,29/ENE/2022,21Hs,19.3,96,8,0.0,-68.13 -67.1
SAN_FERNANDO,30/ENE/2022,00Hs,18.2,68,7,0.0,-68.13 -67.1
SAN_FERNANDO,30/ENE/2022,03Hs,16.7,50,8,0.0,-68.13 -67.1
SAN_FERNANDO,30/ENE/2022,06Hs,16.2,37,9,0.0,-68.13 -67.1
SAN_FERNANDO,30/ENE/2022,09Hs,22.3,17,11,0.0,-68.13 -67.1
SAN_FERNANDO,30/ENE/2022,12Hs,29.6,4,9,0.0,-68.13 -67.1
SAN_FERNANDO,30/ENE/2022,15Hs,32.8,15,8,0.0,-68.13 -67.1
SAN_FERNANDO,30/ENE/2022,18Hs,31.0,31,11,0.0,-68.13 -67.1
SAN_FERNANDO,30/ENE/2022,21Hs,21.8,80,7,0.0,-68.13 -67.1
SAN_FERNANDO,31/ENE/2022,00Hs,20.3,26,6,0.0,-68.13 -67.1
SAN_FERNANDO,31/ENE/2022,03Hs,19.3,335,4,0.0,-68.13 -67.1
SAN_FERNANDO,31/ENE/2022,06Hs,17.2,262,7,0.4,-68.13 -67.1
SAN_FERNANDO,31/ENE/2022,09Hs,22.2,192,7,0.4,-68.13 -67.1
SAN_FERNANDO,31/ENE/2022,12Hs,28.1,177,11,0.0,-68.13 -67.1
SAN_FERNANDO,31/ENE/2022,15Hs,30.5,147,11,0.0,-68.13 -67.1
SAN_FERNANDO,31/ENE/2022,18Hs,25.4,111,15,0.0,-68.13 -67.1
SAN_FERNANDO,31/ENE/2022,21Hs,20.1,115,11,0.0,-68.13 -67.1
SAN_JUAN_AERO,27/ENE/2022,00Hs,21.2,191,25,5.4,-68.13 -67.1
SAN_JUAN_AERO,27/ENE/2022,03Hs,20.6,200,23,12.6,-68.13 -67.1
SAN_JUAN_AERO,27/ENE/2022,06Hs,21.2,197,21,6.4,-68.13 -67.1
SAN_JUAN_AERO,27/ENE/2022,09Hs,19.4,197,40,0.3,-68.13 -67.1
SAN_JUAN_AERO,27/ENE/2022,12Hs,21.3,180,26,0.4,-68.13 -67.1
SAN_JUAN_AERO,27/ENE/2022,15Hs,21.9,223,7,0.0,-68.13 -67.1
SAN_JUAN_AERO,27/ENE/2022,18Hs,22.5,342,8,0.0,-68.13 -67.1
SAN_JUAN_AERO,27/ENE/2022,21Hs,22.6,16,10,0.0,-68.13 -67.1
SAN_JUAN_AERO,28/ENE/2022,00Hs,21.5,17,8,0.0,-68.13 -67.1
SAN_JUAN_AERO,28/ENE/2022,03Hs,21.1,60,6,0.0,-68.13 -67.1
SAN_JUAN_AERO,28/ENE/2022,06Hs,20.2,60,10,0.0,-68.13 -67.1
SAN_JUAN_AERO,28/ENE/2022,09Hs,21.8,269,4,0.0,-68.13 -67.1
SAN_JUAN_AERO,28/ENE/2022,12Hs,25.3,136,3,0.0,-68.13 -67.1
SAN_JUAN_AERO,28/ENE/2022,15Hs,28.6,91,6,0.0,-68.13 -67.1
SAN_JUAN_AERO,28/ENE/2022,18Hs,30.8,74,21,0.0,-68.13 -67.1
SAN_JUAN_AERO,28/ENE/2022,21Hs,27.8,71,24,0.0,-68.13 -67.1
SAN_JUAN_AERO,29/ENE/2022,00Hs,25.8,72,19,0.0,-68.13 -67.1
SAN_JUAN_AERO,29/ENE/2022,03Hs,25.2,321,5,0.0,-68.13 -67.1
SAN_JUAN_AERO,29/ENE/2022,06Hs,23.5,309,9,0.0,-68.13 -67.1
SAN_JUAN_AERO,29/ENE/2022,09Hs,24.6,299,12,0.0,-68.13 -67.1
SAN_JUAN_AERO,29/ENE/2022,12Hs,28.6,307,9,0.0,-68.13 -67.1
SAN_JUAN_AERO,29/ENE/2022,15Hs,31.7,26,7,0.0,-68.13 -67.1
SAN_JUAN_AERO,29/ENE/2022,18Hs,33.1,77,22,0.0,-68.13 -67.1
SAN_JUAN_AERO,29/ENE/2022,21Hs,30.8,54,20,0.0,-68.13 -67.1
SAN_JUAN_AERO,30/ENE/2022,00Hs,27.6,75,21,0.0,-68.13 -67.1
SAN_JUAN_AERO,30/ENE/2022,03Hs,26.5,97,3,0.0,-68.13 -67.1
SAN_JUAN_AERO,30/ENE/2022,06Hs,25.4,20,11,0.0,-68.13 -67.1
SAN_JUAN_AERO,30/ENE/2022,09Hs,26.4,298,11,0.0,-68.13 -67.1
SAN_JUAN_AERO,30/ENE/2022,12Hs,30.2,198,10,0.0,-68.13 -67.1
SAN_JUAN_AERO,30/ENE/2022,15Hs,33.0,181,7,0.0,-68.13 -67.1
SAN_JUAN_AERO,30/ENE/2022,18Hs,34.3,132,6,0.0,-68.13 -67.1
SAN_JUAN_AERO,30/ENE/2022,21Hs,32.9,76,19,0.0,-68.13 -67.1
SAN_JUAN_AERO,31/ENE/2022,00Hs,28.1,138,23,1.1,-68.13 -67.1
SAN_JUAN_AERO,31/ENE/2022,03Hs,23.6,194,34,3.2,-68.13 -67.1
SAN_JUAN_AERO,31/ENE/2022,06Hs,22.3,207,22,3.1,-68.13 -67.1
SAN_JUAN_AERO,31/ENE/2022,09Hs,22.4,177,33,0.0,-68.13 -67.1
SAN_JUAN_AERO,31/ENE/2022,12Hs,25.6,194,19,0.0,-68.13 -67.1
SAN_JUAN_AERO,31/ENE/2022,15Hs,28.5,198,12,0.0,-68.13 -67.1
SAN_JUAN_AERO,31/ENE/2022,18Hs,29.6,243,4,0.0,-68.13 -67.1
SAN_JUAN_AERO,31/ENE/2022,21Hs,28.9,277,7,0.0,-68.13 -67.1
SAN_JULIAN_AERO,27/ENE/2022,00Hs,15.0,81,6,0.0,-68.13 -67.1
SAN_JULIAN_AERO,27/ENE/2022,03Hs,14.4,174,2,0.0,-68.13 -67.1
SAN_JULIAN_AERO,27/ENE/2022,06Hs,14.4,166,12,0.0,-68.13 -67.1
SAN_JULIAN_AERO,27/ENE/2022,09Hs,15.7,153,22,0.0,-68.13 -67.1
SAN_JULIAN_AERO,27/ENE/2022,12Hs,17.8,141,25,0.0,-68.13 -67.1
SAN_JULIAN_AERO,27/ENE/2022,15Hs,17.2,118,21,0.0,-68.13 -67.1
SAN_JULIAN_AERO,27/ENE/2022,18Hs,16.7,109,17,0.0,-68.13 -67.1
SAN_JULIAN_AERO,27/ENE/2022,21Hs,13.6,76,18,0.0,-68.13 -67.1
SAN_JULIAN_AERO,28/ENE/2022,00Hs,12.5,28,14,0.0,-68.13 -67.1
SAN_JULIAN_AERO,28/ENE/2022,03Hs,12.1,35,7,0.0,-68.13 -67.1
SAN_JULIAN_AERO,28/ENE/2022,06Hs,11.0,61,8,0.0,-68.13 -67.1
SAN_JULIAN_AERO,28/ENE/2022,09Hs,14.1,47,20,0.0,-68.13 -67.1
SAN_JULIAN_AERO,28/ENE/2022,12Hs,17.0,50,30,0.0,-68.13 -67.1
SAN_JULIAN_AERO,28/ENE/2022,15Hs,18.2,58,37,0.0,-68.13 -67.1
SAN_JULIAN_AERO,28/ENE/2022,18Hs,16.9,56,39,0.0,-68.13 -67.1
SAN_JULIAN_AERO,28/ENE/2022,21Hs,15.4,46,36,0.9,-68.13 -67.1
SAN_JULIAN_AERO,29/ENE/2022,00Hs,17.5,29,36,0.0,-68.13 -67.1
SAN_JULIAN_AERO,29/ENE/2022,03Hs,16.0,12,34,0.0,-68.13 -67.1
SAN_JULIAN_AERO,29/ENE/2022,06Hs,16.9,344,16,0.0,-68.13 -67.1
SAN_JULIAN_AERO,29/ENE/2022,09Hs,20.1,318,16,0.0,-68.13 -67.1
SAN_JULIAN_AERO,29/ENE/2022,12Hs,25.5,278,22,0.0,-68.13 -67.1
SAN_JULIAN_AERO,29/ENE/2022,15Hs,28.3,10,18,0.0,-68.13 -67.1
SAN_JULIAN_AERO,29/ENE/2022,18Hs,24.3,51,26,0.0,-68.13 -67.1
SAN_JULIAN_AERO,29/ENE/2022,21Hs,12.0,195,66,0.0,-68.13 -67.1
SAN_JULIAN_AERO,30/ENE/2022,00Hs,8.8,202,53,0.1,-68.13 -67.1
SAN_JULIAN_AERO,30/ENE/2022,03Hs,8.8,192,45,3.3,-68.13 -67.1
SAN_JULIAN_AERO,30/ENE/2022,06Hs,9.1,211,35,0.0,-68.13 -67.1
SAN_JULIAN_AERO,30/ENE/2022,09Hs,10.2,221,40,0.0,-68.13 -67.1
SAN_JULIAN_AERO,30/ENE/2022,12Hs,14.0,234,41,0.0,-68.13 -67.1
SAN_JULIAN_AERO,30/ENE/2022,15Hs,15.0,214,34,0.0,-68.13 -67.1
SAN_JULIAN_AERO,30/ENE/2022,18Hs,14.7,215,31,0.0,-68.13 -67.1
SAN_JULIAN_AERO,30/ENE/2022,21Hs,12.3,181,26,0.0,-68.13 -67.1
SAN_JULIAN_AERO,31/ENE/2022,00Hs,10.1,178,10,0.0,-68.13 -67.1
SAN_JULIAN_AERO,31/ENE/2022,03Hs,9.7,344,14,0.0,-68.13 -67.1
SAN_JULIAN_AERO,31/ENE/2022,06Hs,9.7,318,18,0.0,-68.13 -67.1
SAN_JULIAN_AERO,31/ENE/2022,09Hs,12.0,287,18,0.0,-68.13 -67.1
SAN_JULIAN_AERO,31/ENE/2022,12Hs,17.5,247,43,0.0,-68.13 -67.1
SAN_JULIAN_AERO,31/ENE/2022,15Hs,15.0,168,41,0.0,-68.13 -67.1
SAN_JULIAN_AERO,31/ENE/2022,18Hs,17.0,204,48,0.0,-68.13 -67.1
SAN_JULIAN_AERO,31/ENE/2022,21Hs,13.3,189,31,0.0,-68.13 -67.1
SAN_LUIS_AERO,27/ENE/2022,00Hs,19.6,102,39,0.0,-68.13 -67.1
SAN_LUIS_AERO,27/ENE/2022,03Hs,17.8,77,44,0.0,-68.13 -67.1
SAN_LUIS_AERO,27/ENE/2022,06Hs,16.0,89,42,0.0,-68.13 -67.1
SAN_LUIS_AERO,27/ENE/2022,09Hs,17.1,80,41,0.0,-68.13 -67.1
SAN_LUIS_AERO,27/ENE/2022,12Hs,22.2,81,37,0.0,-68.13 -67.1
SAN_LUIS_AERO,27/ENE/2022,15Hs,24.9,16,14,0.4,-68.13 -67.1
SAN_LUIS_AERO,27/ENE/2022,18Hs,20.6,40,10,1.8,-68.13 -67.1
SAN_LUIS_AERO,27/ENE/2022,21Hs,20.5,350,12,0.4,-68.13 -67.1
SAN_LUIS_AERO,28/ENE/2022,00Hs,18.6,344,10,0.0,-68.13 -67.1
SAN_LUIS_AERO,28/ENE/2022,03Hs,17.1,11,4,0.0,-68.13 -67.1
SAN_LUIS_AERO,28/ENE/2022,06Hs,16.3,57,7,0.0,-68.13 -67.1
SAN_LUIS_AERO,28/ENE/2022,09Hs,20.6,344,6,0.0,-68.13 -67.1
SAN_LUIS_AERO,28/ENE/2022,12Hs,25.7,332,8,0.0,-68.13 -67.1
SAN_LUIS_AERO,28/ENE/2022,15Hs,27.1,331,12,0.0,-68.13 -67.1
SAN_LUIS_AERO,28/ENE/2022,18Hs,28.1,101,20,0.0,-68.13 -67.1
SAN_LUIS_AERO,28/ENE/2022,21Hs,23.5,81,19,0.0,-68.13 -67.1
SAN_LUIS_AERO,29/ENE/2022,00Hs,20.8,296,6,0.0,-68.13 -67.1
SAN_LUIS_AERO,29/ENE/2022,03Hs,20.1,351,9,0.0,-68.13 -67.1
SAN_LUIS_AERO,29/ENE/2022,06Hs,19.6,13,9,0.0,-68.13 -67.1
SAN_LUIS_AERO,29/ENE/2022,09Hs,24.6,334,12,0.0,-68.13 -67.1
SAN_LUIS_AERO,29/ENE/2022,12Hs,29.1,224,3,0.0,-68.13 -67.1
SAN_LUIS_AERO,29/ENE/2022,15Hs,31.8,257,3,0.0,-68.13 -67.1
SAN_LUIS_AERO,29/ENE/2022,18Hs,32.3,96,5,0.0,-68.13 -67.1
SAN_LUIS_AERO,29/ENE/2022,21Hs,27.9,3,13,0.0,-68.13 -67.1
SAN_LUIS_AERO,30/ENE/2022,00Hs,24.0,327,21,0.0,-68.13 -67.1
SAN_LUIS_AERO,30/ENE/2022,03Hs,22.2,354,19,0.3,-68.13 -67.1
SAN_LUIS_AERO,30/ENE/2022,06Hs,20.2,300,5,0.1,-68.13 -67.1
SAN_LUIS_AERO,30/ENE/2022,09Hs,23.4,256,6,0.0,-68.13 -67.1
SAN_LUIS_AERO,30/ENE/2022,12Hs,29.7,295,7,0.0,-68.13 -67.1
SAN_LUIS_AERO,30/ENE/2022,15Hs,32.3,70,13,0.0,-68.13 -67.1
SAN_LUIS_AERO,30/ENE/2022,18Hs,32.2,81,6,0.0,-68.13 -67.1
SAN_LUIS_AERO,30/ENE/2022,21Hs,23.3,97,41,0.6,-68.13 -67.1
SAN_LUIS_AERO,31/ENE/2022,00Hs,19.6,82,30,1.1,-68.13 -67.1
SAN_LUIS_AERO,31/ENE/2022,03Hs,20.1,98,15,0.2,-68.13 -67.1
SAN_LUIS_AERO,31/ENE/2022,06Hs,17.7,117,32,0.0,-68.13 -67.1
SAN_LUIS_AERO,31/ENE/2022,09Hs,19.6,97,34,0.0,-68.13 -67.1
SAN_LUIS_AERO,31/ENE/2022,12Hs,24.9,102,26,0.0,-68.13 -67.1
SAN_LUIS_AERO,31/ENE/2022,15Hs,28.2,91,23,0.0,-68.13 -67.1
SAN_LUIS_AERO,31/ENE/2022,18Hs,29.0,78,17,0.0,-68.13 -67.1
SAN_LUIS_AERO,31/ENE/2022,21Hs,24.1,103,23,0.0,-68.13 -67.1
SAN_MARTIN_(MZA),27/ENE/2022,00Hs,20.3,189,21,10.5,-68.13 -67.1
SAN_MARTIN_(MZA),27/ENE/2022,03Hs,18.0,185,21,7.4,-68.13 -67.1
SAN_MARTIN_(MZA),27/ENE/2022,06Hs,18.0,181,27,10.6,-68.13 -67.1
SAN_MARTIN_(MZA),27/ENE/2022,09Hs,17.4,205,25,1.0,-68.13 -67.1
SAN_MARTIN_(MZA),27/ENE/2022,12Hs,20.1,147,23,0.2,-68.13 -67.1
SAN_MARTIN_(MZA),27/ENE/2022,15Hs,25.1,124,11,0.0,-68.13 -67.1
SAN_MARTIN_(MZA),27/ENE/2022,18Hs,25.7,295,4,0.0,-68.13 -67.1
SAN_MARTIN_(MZA),27/ENE/2022,21Hs,23.8,287,7,0.0,-68.13 -67.1
SAN_MARTIN_(MZA),28/ENE/2022,00Hs,21.4,357,21,0.0,-68.13 -67.1
SAN_MARTIN_(MZA),28/ENE/2022,03Hs,20.0,28,13,0.0,-68.13 -67.1
SAN_MARTIN_(MZA),28/ENE/2022,06Hs,18.9,30,9,0.0,-68.13 -67.1
SAN_MARTIN_(MZA),28/ENE/2022,09Hs,21.2,21,14,0.0,-68.13 -67.1
SAN_MARTIN_(MZA),28/ENE/2022,12Hs,25.4,26,15,0.0,-68.13 -67.1
SAN_MARTIN_(MZA),28/ENE/2022,15Hs,29.0,39,16,0.0,-68.13 -67.1
SAN_MARTIN_(MZA),28/ENE/2022,18Hs,30.0,53,14,0.0,-68.13 -67.1
SAN_MARTIN_(MZA),28/ENE/2022,21Hs,27.0,51,19,0.0,-68.13 -67.1
SAN_MARTIN_(MZA),29/ENE/2022,00Hs,24.8,44,25,0.0,-68.13 -67.1
SAN_MARTIN_(MZA),29/ENE/2022,03Hs,22.1,17,9,0.2,-68.13 -67.1
SAN_MARTIN_(MZA),29/ENE/2022,06Hs,21.0,113,4,0.0,-68.13 -67.1
SAN_MARTIN_(MZA),29/ENE/2022,09Hs,23.1,92,8,0.0,-68.13 -67.1
SAN_MARTIN_(MZA),29/ENE/2022,12Hs,27.0,93,11,0.0,-68.13 -67.1
SAN_MARTIN_(MZA),29/ENE/2022,15Hs,31.2,78,13,0.0,-68.13 -67.1
SAN_MARTIN_(MZA),29/ENE/2022,18Hs,32.4,77,15,0.0,-68.13 -67.1
SAN_MARTIN_(MZA),29/ENE/2022,21Hs,28.7,60,17,0.0,-68.13 -67.1
SAN_MARTIN_(MZA),30/ENE/2022,00Hs,26.4,39,23,0.2,-68.13 -67.1
SAN_MARTIN_(MZA),30/ENE/2022,03Hs,24.0,121,10,0.0,-68.13 -67.1
SAN_MARTIN_(MZA),30/ENE/2022,06Hs,22.2,157,10,0.0,-68.13 -67.1
SAN_MARTIN_(MZA),30/ENE/2022,09Hs,24.0,153,22,0.2,-68.13 -67.1
SAN_MARTIN_(MZA),30/ENE/2022,12Hs,28.2,150,16,0.0,-68.13 -67.1
SAN_MARTIN_(MZA),30/ENE/2022,15Hs,31.5,94,13,0.0,-68.13 -67.1
SAN_MARTIN_(MZA),30/ENE/2022,18Hs,32.5,119,11,0.0,-68.13 -67.1
SAN_MARTIN_(MZA),30/ENE/2022,21Hs,29.0,144,4,0.0,-68.13 -67.1
SAN_MARTIN_(MZA),31/ENE/2022,00Hs,23.1,153,31,0.5,-68.13 -67.1
SAN_MARTIN_(MZA),31/ENE/2022,03Hs,19.3,213,24,1.9,-68.13 -67.1
SAN_MARTIN_(MZA),31/ENE/2022,06Hs,20.2,172,28,0.0,-68.13 -67.1
SAN_MARTIN_(MZA),31/ENE/2022,09Hs,19.1,172,22,0.0,-68.13 -67.1
SAN_MARTIN_(MZA),31/ENE/2022,12Hs,24.2,133,14,0.0,-68.13 -67.1
SAN_MARTIN_(MZA),31/ENE/2022,15Hs,27.4,112,9,0.0,-68.13 -67.1
SAN_MARTIN_(MZA),31/ENE/2022,18Hs,28.8,115,6,0.0,-68.13 -67.1
SAN_MARTIN_(MZA),31/ENE/2022,21Hs,25.8,175,5,0.0,-68.13 -67.1
SAN_MIGUEL,27/ENE/2022,00Hs,14.7,148,19,0.0,-68.13 -67.1
SAN_MIGUEL,27/ENE/2022,03Hs,13.0,161,17,0.0,-68.13 -67.1
SAN_MIGUEL,27/ENE/2022,06Hs,11.6,160,14,0.0,-68.13 -67.1
SAN_MIGUEL,27/ENE/2022,09Hs,15.0,147,17,0.0,-68.13 -67.1
SAN_MIGUEL,27/ENE/2022,12Hs,19.5,138,16,0.0,-68.13 -67.1
SAN_MIGUEL,27/ENE/2022,15Hs,22.2,138,12,0.0,-68.13 -67.1
SAN_MIGUEL,27/ENE/2022,18Hs,21.8,135,12,0.0,-68.13 -67.1
SAN_MIGUEL,27/ENE/2022,21Hs,17.7,69,7,0.0,-68.13 -67.1
SAN_MIGUEL,28/ENE/2022,00Hs,15.9,106,7,0.0,-68.13 -67.1
SAN_MIGUEL,28/ENE/2022,03Hs,14.8,128,7,0.0,-68.13 -67.1
SAN_MIGUEL,28/ENE/2022,06Hs,14.1,109,5,0.0,-68.13 -67.1
SAN_MIGUEL,28/ENE/2022,09Hs,18.4,55,5,0.0,-68.13 -67.1
SAN_MIGUEL,28/ENE/2022,12Hs,22.7,65,8,0.0,-68.13 -67.1
SAN_MIGUEL,28/ENE/2022,15Hs,24.6,51,12,0.0,-68.13 -67.1
SAN_MIGUEL,28/ENE/2022,18Hs,23.4,58,12,0.0,-68.13 -67.1
SAN_MIGUEL,28/ENE/2022,21Hs,18.8,68,10,0.0,-68.13 -67.1
SAN_MIGUEL,29/ENE/2022,00Hs,17.8,79,8,0.0,-68.13 -67.1
SAN_MIGUEL,29/ENE/2022,03Hs,17.5,56,10,0.0,-68.13 -67.1
SAN_MIGUEL,29/ENE/2022,06Hs,16.6,30,7,0.0,-68.13 -67.1
SAN_MIGUEL,29/ENE/2022,09Hs,20.7,14,13,0.0,-68.13 -67.1
SAN_MIGUEL,29/ENE/2022,12Hs,26.2,6,10,0.0,-68.13 -67.1
SAN_MIGUEL,29/ENE/2022,15Hs,29.1,43,9,0.0,-68.13 -67.1
SAN_MIGUEL,29/ENE/2022,18Hs,27.3,54,14,0.0,-68.13 -67.1
SAN_MIGUEL,29/ENE/2022,21Hs,22.1,66,12,0.0,-68.13 -67.1
SAN_MIGUEL,30/ENE/2022,00Hs,21.0,58,12,0.0,-68.13 -67.1
SAN_MIGUEL,30/ENE/2022,03Hs,20.2,38,12,0.0,-68.13 -67.1
SAN_MIGUEL,30/ENE/2022,06Hs,19.0,22,11,0.0,-68.13 -67.1
SAN_MIGUEL,30/ENE/2022,09Hs,22.5,13,14,0.0,-68.13 -67.1
SAN_MIGUEL,30/ENE/2022,12Hs,28.8,348,10,0.0,-68.13 -67.1
SAN_MIGUEL,30/ENE/2022,15Hs,31.7,4,8,0.0,-68.13 -67.1
SAN_MIGUEL,30/ENE/2022,18Hs,29.8,54,13,0.0,-68.13 -67.1
SAN_MIGUEL,30/ENE/2022,21Hs,24.7,62,12,0.0,-68.13 -67.1
SAN_MIGUEL,31/ENE/2022,00Hs,23.2,43,7,0.0,-68.13 -67.1
SAN_MIGUEL,31/ENE/2022,03Hs,23.4,3,15,0.0,-68.13 -67.1
SAN_MIGUEL,31/ENE/2022,06Hs,19.1,237,6,0.6,-68.13 -67.1
SAN_MIGUEL,31/ENE/2022,09Hs,22.0,182,18,0.0,-68.13 -67.1
SAN_MIGUEL,31/ENE/2022,12Hs,26.1,166,18,0.0,-68.13 -67.1
SAN_MIGUEL,31/ENE/2022,15Hs,28.6,170,16,0.0,-68.13 -67.1
SAN_MIGUEL,31/ENE/2022,18Hs,27.2,148,12,0.0,-68.13 -67.1
SAN_MIGUEL,31/ENE/2022,21Hs,21.8,93,9,0.0,-68.13 -67.1
SAN_RAFAEL_AERO,27/ENE/2022,00Hs,18.4,109,11,0.6,-68.13 -67.1
SAN_RAFAEL_AERO,27/ENE/2022,03Hs,17.7,348,9,0.2,-68.13 -67.1
SAN_RAFAEL_AERO,27/ENE/2022,06Hs,18.0,292,6,0.0,-68.13 -67.1
SAN_RAFAEL_AERO,27/ENE/2022,09Hs,17.9,89,16,0.0,-68.13 -67.1
SAN_RAFAEL_AERO,27/ENE/2022,12Hs,19.6,67,10,0.0,-68.13 -67.1
SAN_RAFAEL_AERO,27/ENE/2022,15Hs,24.2,52,18,0.0,-68.13 -67.1
SAN_RAFAEL_AERO,27/ENE/2022,18Hs,25.5,38,21,0.0,-68.13 -67.1
SAN_RAFAEL_AERO,27/ENE/2022,21Hs,24.4,50,16,0.0,-68.13 -67.1
SAN_RAFAEL_AERO,28/ENE/2022,00Hs,22.0,89,12,0.0,-68.13 -67.1
SAN_RAFAEL_AERO,28/ENE/2022,03Hs,20.2,199,5,0.0,-68.13 -67.1
SAN_RAFAEL_AERO,28/ENE/2022,06Hs,19.4,253,5,0.0,-68.13 -67.1
SAN_RAFAEL_AERO,28/ENE/2022,09Hs,22.8,339,9,0.0,-68.13 -67.1
SAN_RAFAEL_AERO,28/ENE/2022,12Hs,27.2,356,20,0.0,-68.13 -67.1
SAN_RAFAEL_AERO,28/ENE/2022,15Hs,30.1,15,24,0.0,-68.13 -67.1
SAN_RAFAEL_AERO,28/ENE/2022,18Hs,30.0,22,24,0.0,-68.13 -67.1
SAN_RAFAEL_AERO,28/ENE/2022,21Hs,26.1,360,20,0.3,-68.13 -67.1
SAN_RAFAEL_AERO,29/ENE/2022,00Hs,20.6,220,15,3.4,-68.13 -67.1
SAN_RAFAEL_AERO,29/ENE/2022,03Hs,21.0,3,9,0.5,-68.13 -67.1
SAN_RAFAEL_AERO,29/ENE/2022,06Hs,21.0,304,10,0.0,-68.13 -67.1
SAN_RAFAEL_AERO,29/ENE/2022,09Hs,24.6,323,5,0.0,-68.13 -67.1
SAN_RAFAEL_AERO,29/ENE/2022,12Hs,28.2,88,8,0.0,-68.13 -67.1
SAN_RAFAEL_AERO,29/ENE/2022,15Hs,31.1,24,19,0.0,-68.13 -67.1
SAN_RAFAEL_AERO,29/ENE/2022,18Hs,31.4,20,24,0.0,-68.13 -67.1
SAN_RAFAEL_AERO,29/ENE/2022,21Hs,26.9,295,15,0.1,-68.13 -67.1
SAN_RAFAEL_AERO,30/ENE/2022,00Hs,21.4,200,20,0.8,-68.13 -67.1
SAN_RAFAEL_AERO,30/ENE/2022,03Hs,22.4,107,11,0.0,-68.13 -67.1
SAN_RAFAEL_AERO,30/ENE/2022,06Hs,21.4,184,13,0.0,-68.13 -67.1
SAN_RAFAEL_AERO,30/ENE/2022,09Hs,23.0,143,17,0.0,-68.13 -67.1
SAN_RAFAEL_AERO,30/ENE/2022,12Hs,25.8,106,12,0.0,-68.13 -67.1
SAN_RAFAEL_AERO,30/ENE/2022,15Hs,29.0,119,16,0.0,-68.13 -67.1
SAN_RAFAEL_AERO,30/ENE/2022,18Hs,29.4,71,17,0.2,-68.13 -67.1
SAN_RAFAEL_AERO,30/ENE/2022,21Hs,26.2,114,20,0.6,-68.13 -67.1
SAN_RAFAEL_AERO,31/ENE/2022,00Hs,23.6,141,14,0.0,-68.13 -67.1
SAN_RAFAEL_AERO,31/ENE/2022,03Hs,20.0,140,24,0.0,-68.13 -67.1
SAN_RAFAEL_AERO,31/ENE/2022,06Hs,16.7,147,15,0.0,-68.13 -67.1
SAN_RAFAEL_AERO,31/ENE/2022,09Hs,17.8,108,6,0.0,-68.13 -67.1
SAN_RAFAEL_AERO,31/ENE/2022,12Hs,21.4,81,10,0.0,-68.13 -67.1
SAN_RAFAEL_AERO,31/ENE/2022,15Hs,25.7,28,14,0.0,-68.13 -67.1
SAN_RAFAEL_AERO,31/ENE/2022,18Hs,27.4,3,17,0.0,-68.13 -67.1
SAN_RAFAEL_AERO,31/ENE/2022,21Hs,25.0,357,14,0.0,-68.13 -67.1
SAUCE_VIEJO_AERO,27/ENE/2022,00Hs,20.7,142,24,0.0,-31.7 -60.8
SAUCE_VIEJO_AERO,27/ENE/2022,03Hs,19.9,149,22,0.0,-31.7 -60.8
SAUCE_VIEJO_AERO,27/ENE/2022,06Hs,16.3,151,22,0.0,-31.7 -60.8
SAUCE_VIEJO_AERO,27/ENE/2022,09Hs,17.4,141,22,0.0,-31.7 -60.8
SAUCE_VIEJO_AERO,27/ENE/2022,12Hs,22.5,140,20,0.0,-31.7 -60.8
SAUCE_VIEJO_AERO,27/ENE/2022,15Hs,25.2,146,20,0.0,-31.7 -60.8
SAUCE_VIEJO_AERO,27/ENE/2022,18Hs,24.5,135,16,0.0,-31.7 -60.8
SAUCE_VIEJO_AERO,27/ENE/2022,21Hs,19.0,129,9,0.0,-31.7 -60.8
SAUCE_VIEJO_AERO,28/ENE/2022,00Hs,16.8,125,11,0.0,-31.7 -60.8
SAUCE_VIEJO_AERO,28/ENE/2022,03Hs,14.8,127,9,0.0,-31.7 -60.8
SAUCE_VIEJO_AERO,28/ENE/2022,06Hs,13.6,123,8,0.0,-31.7 -60.8
SAUCE_VIEJO_AERO,28/ENE/2022,09Hs,18.8,100,11,0.0,-31.7 -60.8
SAUCE_VIEJO_AERO,28/ENE/2022,12Hs,24.2,84,10,0.0,-31.7 -60.8
SAUCE_VIEJO_AERO,28/ENE/2022,15Hs,27.1,87,9,0.0,-31.7 -60.8
SAUCE_VIEJO_AERO,28/ENE/2022,18Hs,26.9,95,10,0.0,-31.7 -60.8
SAUCE_VIEJO_AERO,28/ENE/2022,21Hs,20.3,94,8,0.0,-31.7 -60.8
SAUCE_VIEJO_AERO,29/ENE/2022,00Hs,18.2,106,9,0.0,-31.7 -60.8
SAUCE_VIEJO_AERO,29/ENE/2022,03Hs,16.9,96,8,0.0,-31.7 -60.8
SAUCE_VIEJO_AERO,29/ENE/2022,06Hs,15.6,89,7,0.0,-31.7 -60.8
SAUCE_VIEJO_AERO,29/ENE/2022,09Hs,21.7,64,12,0.0,-31.7 -60.8
SAUCE_VIEJO_AERO,29/ENE/2022,12Hs,27.7,45,11,0.0,-31.7 -60.8
SAUCE_VIEJO_AERO,29/ENE/2022,15Hs,30.4,62,9,0.0,-31.7 -60.8
SAUCE_VIEJO_AERO,29/ENE/2022,18Hs,29.8,74,10,0.0,-31.7 -60.8
SAUCE_VIEJO_AERO,29/ENE/2022,21Hs,23.0,84,10,0.0,-31.7 -60.8
SAUCE_VIEJO_AERO,30/ENE/2022,00Hs,21.3,91,9,0.0,-31.7 -60.8
SAUCE_VIEJO_AERO,30/ENE/2022,03Hs,19.1,78,8,0.0,-31.7 -60.8
SAUCE_VIEJO_AERO,30/ENE/2022,06Hs,17.8,65,9,0.0,-31.7 -60.8
SAUCE_VIEJO_AERO,30/ENE/2022,09Hs,23.8,32,14,0.0,-31.7 -60.8
SAUCE_VIEJO_AERO,30/ENE/2022,12Hs,30.3,6,13,0.0,-31.7 -60.8
SAUCE_VIEJO_AERO,30/ENE/2022,15Hs,33.0,336,11,0.0,-31.7 -60.8
SAUCE_VIEJO_AERO,30/ENE/2022,18Hs,32.5,331,7,0.0,-31.7 -60.8
SAUCE_VIEJO_AERO,30/ENE/2022,21Hs,24.7,67,0,0.0,-31.7 -60.8
SAUCE_VIEJO_AERO,31/ENE/2022,00Hs,23.1,115,6,0.0,-31.7 -60.8
SAUCE_VIEJO_AERO,31/ENE/2022,03Hs,21.8,106,6,0.0,-31.7 -60.8
SAUCE_VIEJO_AERO,31/ENE/2022,06Hs,21.6,184,6,0.0,-31.7 -60.8
SAUCE_VIEJO_AERO,31/ENE/2022,09Hs,25.2,153,9,0.0,-31.7 -60.8
SAUCE_VIEJO_AERO,31/ENE/2022,12Hs,31.9,195,10,0.0,-31.7 -60.8
SAUCE_VIEJO_AERO,31/ENE/2022,15Hs,34.1,214,11,0.0,-31.7 -60.8
SAUCE_VIEJO_AERO,31/ENE/2022,18Hs,34.0,191,4,0.0,-31.7 -60.8
SAUCE_VIEJO_AERO,31/ENE/2022,21Hs,26.8,22,2,0.0,-31.7 -60.8
SUNCHALES_AERO,27/ENE/2022,00Hs,21.5,144,24,0.0,-30.95 -61.53
SUNCHALES_AERO,27/ENE/2022,03Hs,19.8,150,25,0.0,-30.95 -61.53
SUNCHALES_AERO,27/ENE/2022,06Hs,19.3,144,23,0.0,-30.95 -61.53
SUNCHALES_AERO,27/ENE/2022,09Hs,18.2,151,24,0.0,-30.95 -61.53
SUNCHALES_AERO,27/ENE/2022,12Hs,22.5,144,24,0.0,-30.95 -61.53
SUNCHALES_AERO,27/ENE/2022,15Hs,24.9,145,22,0.0,-30.95 -61.53
SUNCHALES_AERO,27/ENE/2022,18Hs,24.2,151,20,0.0,-30.95 -61.53
SUNCHALES_AERO,27/ENE/2022,21Hs,18.7,169,13,0.0,-30.95 -61.53
SUNCHALES_AERO,28/ENE/2022,00Hs,17.1,149,12,0.0,-30.95 -61.53
SUNCHALES_AERO,28/ENE/2022,03Hs,17.2,145,10,0.0,-30.95 -61.53
SUNCHALES_AERO,28/ENE/2022,06Hs,14.8,130,11,0.0,-30.95 -61.53
SUNCHALES_AERO,28/ENE/2022,09Hs,18.9,113,13,0.0,-30.95 -61.53
SUNCHALES_AERO,28/ENE/2022,12Hs,24.0,117,13,0.0,-30.95 -61.53
SUNCHALES_AERO,28/ENE/2022,15Hs,26.7,132,13,0.0,-30.95 -61.53
SUNCHALES_AERO,28/ENE/2022,18Hs,26.1,134,14,0.0,-30.95 -61.53
SUNCHALES_AERO,28/ENE/2022,21Hs,20.0,127,11,0.0,-30.95 -61.53
SUNCHALES_AERO,29/ENE/2022,00Hs,18.2,133,11,0.0,-30.95 -61.53
SUNCHALES_AERO,29/ENE/2022,03Hs,17.0,119,10,0.0,-30.95 -61.53
SUNCHALES_AERO,29/ENE/2022,06Hs,15.9,117,12,0.0,-30.95 -61.53
SUNCHALES_AERO,29/ENE/2022,09Hs,20.8,97,12,0.0,-30.95 -61.53
SUNCHALES_AERO,29/ENE/2022,12Hs,27.0,69,12,0.0,-30.95 -61.53
SUNCHALES_AERO,29/ENE/2022,15Hs,29.7,76,9,0.0,-30.95 -61.53
SUNCHALES_AERO,29/ENE/2022,18Hs,29.7,97,9,0.0,-30.95 -61.53
SUNCHALES_AERO,29/ENE/2022,21Hs,22.7,115,13,0.0,-30.95 -61.53
SUNCHALES_AERO,30/ENE/2022,00Hs,20.7,103,14,0.0,-30.95 -61.53
SUNCHALES_AERO,30/ENE/2022,03Hs,19.2,101,13,0.0,-30.95 -61.53
SUNCHALES_AERO,30/ENE/2022,06Hs,18.2,93,11,0.0,-30.95 -61.53
SUNCHALES_AERO,30/ENE/2022,09Hs,22.8,62,16,0.0,-30.95 -61.53
SUNCHALES_AERO,30/ENE/2022,12Hs,30.3,14,12,0.0,-30.95 -61.53
SUNCHALES_AERO,30/ENE/2022,15Hs,33.4,7,6,0.0,-30.95 -61.53
SUNCHALES_AERO,30/ENE/2022,18Hs,33.3,93,4,0.0,-30.95 -61.53
SUNCHALES_AERO,30/ENE/2022,21Hs,25.5,116,11,0.0,-30.95 -61.53
SUNCHALES_AERO,31/ENE/2022,00Hs,23.4,103,13,0.0,-30.95 -61.53
SUNCHALES_AERO,31/ENE/2022,03Hs,21.9,98,12,0.0,-30.95 -61.53
SUNCHALES_AERO,31/ENE/2022,06Hs,20.5,136,11,0.0,-30.95 -61.53
SUNCHALES_AERO,31/ENE/2022,09Hs,24.7,172,14,0.0,-30.95 -61.53
SUNCHALES_AERO,31/ENE/2022,12Hs,30.1,193,20,0.0,-30.95 -61.53
SUNCHALES_AERO,31/ENE/2022,15Hs,32.7,168,19,0.0,-30.95 -61.53
SUNCHALES_AERO,31/ENE/2022,18Hs,31.6,175,19,0.0,-30.95 -61.53
SUNCHALES_AERO,31/ENE/2022,21Hs,25.8,149,10,0.0,-30.95 -61.53
TANDIL_AERO,27/ENE/2022,00Hs,10.5,177,12,0.0,-37.23 -59.23
TANDIL_AERO,27/ENE/2022,03Hs,9.3,190,11,0.0,-37.23 -59.23
TANDIL_AERO,27/ENE/2022,06Hs,8.6,204,9,0.0,-37.23 -59.23
TANDIL_AERO,27/ENE/2022,09Hs,14.8,164,17,0.0,-37.23 -59.23
TANDIL_AERO,27/ENE/2022,12Hs,19.1,145,15,0.0,-37.23 -59.23
TANDIL_AERO,27/ENE/2022,15Hs,21.8,124,11,0.0,-37.23 -59.23
TANDIL_AERO,27/ENE/2022,18Hs,21.3,76,10,0.0,-37.23 -59.23
TANDIL_AERO,27/ENE/2022,21Hs,14.1,74,10,0.0,-37.23 -59.23
TANDIL_AERO,28/ENE/2022,00Hs,10.5,74,10,0.0,-37.23 -59.23
TANDIL_AERO,28/ENE/2022,03Hs,9.0,45,9,0.0,-37.23 -59.23
TANDIL_AERO,28/ENE/2022,06Hs,8.6,356,7,0.0,-37.23 -59.23
TANDIL_AERO,28/ENE/2022,09Hs,14.9,338,12,0.0,-37.23 -59.23
TANDIL_AERO,28/ENE/2022,12Hs,20.3,339,16,0.0,-37.23 -59.23
TANDIL_AERO,28/ENE/2022,15Hs,22.6,338,15,0.0,-37.23 -59.23
TANDIL_AERO,28/ENE/2022,18Hs,21.9,344,12,0.0,-37.23 -59.23
TANDIL_AERO,28/ENE/2022,21Hs,15.8,358,8,0.0,-37.23 -59.23
TANDIL_AERO,29/ENE/2022,00Hs,13.6,358,7,0.0,-37.23 -59.23
TANDIL_AERO,29/ENE/2022,03Hs,11.6,359,11,0.0,-37.23 -59.23
TANDIL_AERO,29/ENE/2022,06Hs,10.7,346,10,0.0,-37.23 -59.23
TANDIL_AERO,29/ENE/2022,09Hs,16.9,337,16,0.0,-37.23 -59.23
TANDIL_AERO,29/ENE/2022,12Hs,22.9,331,19,0.0,-37.23 -59.23
TANDIL_AERO,29/ENE/2022,15Hs,25.4,335,18,0.0,-37.23 -59.23
TANDIL_AERO,29/ENE/2022,18Hs,24.5,346,14,0.0,-37.23 -59.23
TANDIL_AERO,29/ENE/2022,21Hs,17.9,3,11,0.0,-37.23 -59.23
TANDIL_AERO,30/ENE/2022,00Hs,16.1,10,10,0.0,-37.23 -59.23
TANDIL_AERO,30/ENE/2022,03Hs,14.2,6,11,0.0,-37.23 -59.23
TANDIL_AERO,30/ENE/2022,06Hs,13.4,2,11,0.0,-37.23 -59.23
TANDIL_AERO,30/ENE/2022,09Hs,20.2,343,23,0.0,-37.23 -59.23
TANDIL_AERO,30/ENE/2022,12Hs,25.3,334,26,0.0,-37.23 -59.23
TANDIL_AERO,30/ENE/2022,15Hs,27.6,330,28,0.0,-37.23 -59.23
TANDIL_AERO,30/ENE/2022,18Hs,26.6,326,19,0.0,-37.23 -59.23
TANDIL_AERO,30/ENE/2022,21Hs,20.0,325,7,0.0,-37.23 -59.23
TANDIL_AERO,31/ENE/2022,00Hs,15.6,148,10,2.7,-37.23 -59.23
TANDIL_AERO,31/ENE/2022,03Hs,14.8,179,21,2.6,-37.23 -59.23
TANDIL_AERO,31/ENE/2022,06Hs,13.5,172,20,0.3,-37.23 -59.23
TANDIL_AERO,31/ENE/2022,09Hs,16.0,174,25,0.0,-37.23 -59.23
TANDIL_AERO,31/ENE/2022,12Hs,20.4,182,18,0.0,-37.23 -59.23
TANDIL_AERO,31/ENE/2022,15Hs,22.5,198,11,0.0,-37.23 -59.23
TANDIL_AERO,31/ENE/2022,18Hs,22.4,226,3,0.0,-37.23 -59.23
TANDIL_AERO,31/ENE/2022,21Hs,16.4,26,9,0.0,-37.23 -59.23
TARTAGAL_AERO,27/ENE/2022,00Hs,22.4,227,14,2.4,-22.62 -63.8
TARTAGAL_AERO,27/ENE/2022,03Hs,22.4,181,18,0.6,-22.62 -63.8
TARTAGAL_AERO,27/ENE/2022,06Hs,20.9,178,11,1.1,-22.62 -63.8
TARTAGAL_AERO,27/ENE/2022,09Hs,20.4,204,8,4.8,-22.62 -63.8
TARTAGAL_AERO,27/ENE/2022,12Hs,19.6,270,10,20.1,-22.62 -63.8
TARTAGAL_AERO,27/ENE/2022,15Hs,18.4,256,14,15.9,-22.62 -63.8
TARTAGAL_AERO,27/ENE/2022,18Hs,19.1,222,12,5.6,-22.62 -63.8
TARTAGAL_AERO,27/ENE/2022,21Hs,19.5,237,10,0.0,-22.62 -63.8
TARTAGAL_AERO,28/ENE/2022,00Hs,19.2,217,11,3.2,-22.62 -63.8
TARTAGAL_AERO,28/ENE/2022,03Hs,18.5,210,12,2.2,-22.62 -63.8
TARTAGAL_AERO,28/ENE/2022,06Hs,18.2,226,11,0.9,-22.62 -63.8
TARTAGAL_AERO,28/ENE/2022,09Hs,18.2,244,7,0.8,-22.62 -63.8
TARTAGAL_AERO,28/ENE/2022,12Hs,20.3,229,10,0.1,-22.62 -63.8
TARTAGAL_AERO,28/ENE/2022,15Hs,24.2,198,10,0.4,-22.62 -63.8
TARTAGAL_AERO,28/ENE/2022,18Hs,24.7,206,9,0.3,-22.62 -63.8
TARTAGAL_AERO,28/ENE/2022,21Hs,19.5,277,9,0.2,-22.62 -63.8
TARTAGAL_AERO,29/ENE/2022,00Hs,19.3,284,10,0.0,-22.62 -63.8
TARTAGAL_AERO,29/ENE/2022,03Hs,19.2,289,9,0.0,-22.62 -63.8
TARTAGAL_AERO,29/ENE/2022,06Hs,18.9,278,8,0.0,-22.62 -63.8
TARTAGAL_AERO,29/ENE/2022,09Hs,23.5,197,7,0.0,-22.62 -63.8
TARTAGAL_AERO,29/ENE/2022,12Hs,28.7,162,10,0.0,-22.62 -63.8
TARTAGAL_AERO,29/ENE/2022,15Hs,30.7,146,10,0.0,-22.62 -63.8
TARTAGAL_AERO,29/ENE/2022,18Hs,30.0,167,8,0.0,-22.62 -63.8
TARTAGAL_AERO,29/ENE/2022,21Hs,23.5,286,7,0.0,-22.62 -63.8
TARTAGAL_AERO,30/ENE/2022,00Hs,22.5,288,8,0.0,-22.62 -63.8
TARTAGAL_AERO,30/ENE/2022,03Hs,20.7,271,6,0.0,-22.62 -63.8
TARTAGAL_AERO,30/ENE/2022,06Hs,20.1,288,7,0.0,-22.62 -63.8
TARTAGAL_AERO,30/ENE/2022,09Hs,24.9,264,1,0.0,-22.62 -63.8
TARTAGAL_AERO,30/ENE/2022,12Hs,31.3,111,9,0.0,-22.62 -63.8
TARTAGAL_AERO,30/ENE/2022,15Hs,34.0,89,11,0.0,-22.62 -63.8
TARTAGAL_AERO,30/ENE/2022,18Hs,33.2,93,9,0.0,-22.62 -63.8
TARTAGAL_AERO,30/ENE/2022,21Hs,25.5,258,6,0.0,-22.62 -63.8
TARTAGAL_AERO,31/ENE/2022,00Hs,25.7,285,7,0.0,-22.62 -63.8
TARTAGAL_AERO,31/ENE/2022,03Hs,25.7,271,8,0.0,-22.62 -63.8
TARTAGAL_AERO,31/ENE/2022,06Hs,23.1,267,5,0.0,-22.62 -63.8
TARTAGAL_AERO,31/ENE/2022,09Hs,26.4,340,2,0.0,-22.62 -63.8
TARTAGAL_AERO,31/ENE/2022,12Hs,32.0,149,11,0.0,-22.62 -63.8
TARTAGAL_AERO,31/ENE/2022,15Hs,28.5,175,9,0.0,-22.62 -63.8
TARTAGAL_AERO,31/ENE/2022,18Hs,29.5,200,8,0.0,-22.62 -63.8
TARTAGAL_AERO,31/ENE/2022,21Hs,22.0,219,11,0.1,-22.62 -63.8
TERMAS_DE_RIO_HONDO_AERO,27/ENE/2022,00Hs,19.8,164,9,38.2,-27.5 -64.93
TERMAS_DE_RIO_HONDO_AERO,27/ENE/2022,03Hs,19.7,252,15,0.4,-27.5 -64.93
TERMAS_DE_RIO_HONDO_AERO,27/ENE/2022,06Hs,20.2,208,14,1.6,-27.5 -64.93
TERMAS_DE_RIO_HONDO_AERO,27/ENE/2022,09Hs,20.2,160,18,2.0,-27.5 -64.93
TERMAS_DE_RIO_HONDO_AERO,27/ENE/2022,12Hs,20.3,150,21,0.5,-27.5 -64.93
TERMAS_DE_RIO_HONDO_AERO,27/ENE/2022,15Hs,21.8,140,16,0.2,-27.5 -64.93
TERMAS_DE_RIO_HONDO_AERO,27/ENE/2022,18Hs,22.1,139,12,0.2,-27.5 -64.93
TERMAS_DE_RIO_HONDO_AERO,27/ENE/2022,21Hs,20.9,140,10,0.0,-27.5 -64.93
TERMAS_DE_RIO_HONDO_AERO,28/ENE/2022,00Hs,20.4,204,4,0.0,-27.5 -64.93
TERMAS_DE_RIO_HONDO_AERO,28/ENE/2022,03Hs,20.1,197,3,0.0,-27.5 -64.93
TERMAS_DE_RIO_HONDO_AERO,28/ENE/2022,06Hs,19.3,112,6,0.0,-27.5 -64.93
TERMAS_DE_RIO_HONDO_AERO,28/ENE/2022,09Hs,19.8,119,9,0.0,-27.5 -64.93
TERMAS_DE_RIO_HONDO_AERO,28/ENE/2022,12Hs,25.0,110,4,0.0,-27.5 -64.93
TERMAS_DE_RIO_HONDO_AERO,28/ENE/2022,15Hs,28.0,265,3,0.0,-27.5 -64.93
TERMAS_DE_RIO_HONDO_AERO,28/ENE/2022,18Hs,27.6,246,5,0.0,-27.5 -64.93
TERMAS_DE_RIO_HONDO_AERO,28/ENE/2022,21Hs,21.6,250,11,0.0,-27.5 -64.93
TERMAS_DE_RIO_HONDO_AERO,29/ENE/2022,00Hs,20.5,252,10,0.0,-27.5 -64.93
TERMAS_DE_RIO_HONDO_AERO,29/ENE/2022,03Hs,19.2,159,7,0.0,-27.5 -64.93
TERMAS_DE_RIO_HONDO_AERO,29/ENE/2022,06Hs,18.5,89,7,0.0,-27.5 -64.93
TERMAS_DE_RIO_HONDO_AERO,29/ENE/2022,09Hs,21.6,76,3,0.0,-27.5 -64.93
TERMAS_DE_RIO_HONDO_AERO,29/ENE/2022,12Hs,27.4,32,4,0.0,-27.5 -64.93
TERMAS_DE_RIO_HONDO_AERO,29/ENE/2022,15Hs,30.0,350,6,0.0,-27.5 -64.93
TERMAS_DE_RIO_HONDO_AERO,29/ENE/2022,18Hs,30.3,306,5,0.0,-27.5 -64.93
TERMAS_DE_RIO_HONDO_AERO,29/ENE/2022,21Hs,24.0,195,8,0.0,-27.5 -64.93
TERMAS_DE_RIO_HONDO_AERO,30/ENE/2022,00Hs,22.6,240,7,0.0,-27.5 -64.93
TERMAS_DE_RIO_HONDO_AERO,30/ENE/2022,03Hs,20.9,247,5,0.0,-27.5 -64.93
TERMAS_DE_RIO_HONDO_AERO,30/ENE/2022,06Hs,20.1,218,5,0.0,-27.5 -64.93
TERMAS_DE_RIO_HONDO_AERO,30/ENE/2022,09Hs,23.5,232,8,0.0,-27.5 -64.93
TERMAS_DE_RIO_HONDO_AERO,30/ENE/2022,12Hs,29.6,208,2,0.0,-27.5 -64.93
TERMAS_DE_RIO_HONDO_AERO,30/ENE/2022,15Hs,32.8,353,7,0.0,-27.5 -64.93
TERMAS_DE_RIO_HONDO_AERO,30/ENE/2022,18Hs,32.8,307,8,0.0,-27.5 -64.93
TERMAS_DE_RIO_HONDO_AERO,30/ENE/2022,21Hs,25.8,226,13,0.0,-27.5 -64.93
TERMAS_DE_RIO_HONDO_AERO,31/ENE/2022,00Hs,23.9,244,13,0.0,-27.5 -64.93
TERMAS_DE_RIO_HONDO_AERO,31/ENE/2022,03Hs,22.4,208,8,0.0,-27.5 -64.93
TERMAS_DE_RIO_HONDO_AERO,31/ENE/2022,06Hs,22.9,210,11,0.0,-27.5 -64.93
TERMAS_DE_RIO_HONDO_AERO,31/ENE/2022,09Hs,23.8,253,11,0.2,-27.5 -64.93
TERMAS_DE_RIO_HONDO_AERO,31/ENE/2022,12Hs,25.5,208,18,1.1,-27.5 -64.93
TERMAS_DE_RIO_HONDO_AERO,31/ENE/2022,15Hs,25.0,259,20,1.4,-27.5 -64.93
TERMAS_DE_RIO_HONDO_AERO,31/ENE/2022,18Hs,24.1,248,14,0.0,-27.5 -64.93
TERMAS_DE_RIO_HONDO_AERO,31/ENE/2022,21Hs,21.9,276,11,0.0,-27.5 -64.93
TINOGASTA,27/ENE/2022,00Hs,23.2,30,10,0.9,-28.07 -67.57
TINOGASTA,27/ENE/2022,03Hs,21.4,254,7,1.4,-28.07 -67.57
TINOGASTA,27/ENE/2022,06Hs,20.3,238,2,1.4,-28.07 -67.57
TINOGASTA,27/ENE/2022,09Hs,20.2,227,12,2.9,-28.07 -67.57
TINOGASTA,27/ENE/2022,12Hs,21.6,190,8,3.9,-28.07 -67.57
TINOGASTA,27/ENE/2022,15Hs,18.9,90,8,3.9,-28.07 -67.57
TINOGASTA,27/ENE/2022,18Hs,19.0,141,7,1.0,-28.07 -67.57
TINOGASTA,27/ENE/2022,21Hs,17.7,218,15,0.4,-28.07 -67.57
TINOGASTA,28/ENE/2022,00Hs,17.8,248,3,0.1,-28.07 -67.57
TINOGASTA,28/ENE/2022,03Hs,17.5,316,2,0.0,-28.07 -67.57
TINOGASTA,28/ENE/2022,06Hs,16.4,43,10,0.0,-28.07 -67.57
TINOGASTA,28/ENE/2022,09Hs,17.3,61,8,0.0,-28.07 -67.57
TINOGASTA,28/ENE/2022,12Hs,19.5,62,9,0.0,-28.07 -67.57
TINOGASTA,28/ENE/2022,15Hs,23.3,63,13,0.0,-28.07 -67.57
TINOGASTA,28/ENE/2022,18Hs,24.9,61,15,0.0,-28.07 -67.57
TINOGASTA,28/ENE/2022,21Hs,23.1,57,16,0.0,-28.07 -67.57
TINOGASTA,29/ENE/2022,00Hs,21.6,39,14,0.0,-28.07 -67.57
TINOGASTA,29/ENE/2022,03Hs,20.6,27,11,0.0,-28.07 -67.57
TINOGASTA,29/ENE/2022,06Hs,19.8,32,3,0.0,-28.07 -67.57
TINOGASTA,29/ENE/2022,09Hs,21.0,24,4,0.0,-28.07 -67.57
TINOGASTA,29/ENE/2022,12Hs,24.3,73,8,0.0,-28.07 -67.57
TINOGASTA,29/ENE/2022,15Hs,27.3,70,14,0.0,-28.07 -67.57
TINOGASTA,29/ENE/2022,18Hs,27.9,61,18,0.0,-28.07 -67.57
TINOGASTA,29/ENE/2022,21Hs,25.3,59,19,0.0,-28.07 -67.57
TINOGASTA,30/ENE/2022,00Hs,23.9,10,12,0.0,-28.07 -67.57
TINOGASTA,30/ENE/2022,03Hs,21.2,237,13,0.0,-28.07 -67.57
TINOGASTA,30/ENE/2022,06Hs,20.2,256,9,0.0,-28.07 -67.57
TINOGASTA,30/ENE/2022,09Hs,21.5,241,9,0.2,-28.07 -67.57
TINOGASTA,30/ENE/2022,12Hs,25.5,255,1,0.0,-28.07 -67.57
TINOGASTA,30/ENE/2022,15Hs,28.9,73,13,0.0,-28.07 -67.57
TINOGASTA,30/ENE/2022,18Hs,29.2,64,19,0.0,-28.07 -67.57
TINOGASTA,30/ENE/2022,21Hs,26.5,53,17,0.0,-28.07 -67.57
TINOGASTA,31/ENE/2022,00Hs,24.4,234,14,0.8,-28.07 -67.57
TINOGASTA,31/ENE/2022,03Hs,22.8,229,14,1.4,-28.07 -67.57
TINOGASTA,31/ENE/2022,06Hs,19.5,256,20,3.7,-28.07 -67.57
TINOGASTA,31/ENE/2022,09Hs,21.5,147,3,0.4,-28.07 -67.57
TINOGASTA,31/ENE/2022,12Hs,22.8,89,11,1.2,-28.07 -67.57
TINOGASTA,31/ENE/2022,15Hs,22.0,131,4,0.8,-28.07 -67.57
TINOGASTA,31/ENE/2022,18Hs,23.0,327,6,0.4,-28.07 -67.57
TINOGASTA,31/ENE/2022,21Hs,23.2,163,2,0.0,-28.07 -67.57
TRELEW_AERO,27/ENE/2022,00Hs,15.1,53,18,0.0,-43.22 -65.28
TRELEW_AERO,27/ENE/2022,03Hs,15.1,8,19,0.0,-43.22 -65.28
TRELEW_AERO,27/ENE/2022,06Hs,14.5,10,24,0.0,-43.22 -65.28
TRELEW_AERO,27/ENE/2022,09Hs,18.9,1,37,0.0,-43.22 -65.28
TRELEW_AERO,27/ENE/2022,12Hs,25.4,2,35,0.0,-43.22 -65.28
TRELEW_AERO,27/ENE/2022,15Hs,29.4,18,37,0.0,-43.22 -65.28
TRELEW_AERO,27/ENE/2022,18Hs,28.6,16,52,0.0,-43.22 -65.28
TRELEW_AERO,27/ENE/2022,21Hs,22.3,14,52,0.0,-43.22 -65.28
TRELEW_AERO,28/ENE/2022,00Hs,24.1,355,40,0.0,-43.22 -65.28
TRELEW_AERO,28/ENE/2022,03Hs,25.8,335,44,0.0,-43.22 -65.28
TRELEW_AERO,28/ENE/2022,06Hs,24.5,322,32,0.0,-43.22 -65.28
TRELEW_AERO,28/ENE/2022,09Hs,29.0,290,35,0.0,-43.22 -65.28
TRELEW_AERO,28/ENE/2022,12Hs,30.3,187,20,0.0,-43.22 -65.28
TRELEW_AERO,28/ENE/2022,15Hs,26.0,150,29,0.0,-43.22 -65.28
TRELEW_AERO,28/ENE/2022,18Hs,24.0,149,23,0.5,-43.22 -65.28
TRELEW_AERO,28/ENE/2022,21Hs,19.6,136,27,0.7,-43.22 -65.28
TRELEW_AERO,29/ENE/2022,00Hs,20.1,111,17,0.0,-43.22 -65.28
TRELEW_AERO,29/ENE/2022,03Hs,19.4,176,11,0.0,-43.22 -65.28
TRELEW_AERO,29/ENE/2022,06Hs,17.4,175,15,0.0,-43.22 -65.28
TRELEW_AERO,29/ENE/2022,09Hs,20.6,201,18,0.0,-43.22 -65.28
TRELEW_AERO,29/ENE/2022,12Hs,27.5,190,23,0.0,-43.22 -65.28
TRELEW_AERO,29/ENE/2022,15Hs,30.2,158,22,0.0,-43.22 -65.28
TRELEW_AERO,29/ENE/2022,18Hs,30.1,132,16,0.0,-43.22 -65.28
TRELEW_AERO,29/ENE/2022,21Hs,26.1,56,15,0.0,-43.22 -65.28
TRELEW_AERO,30/ENE/2022,00Hs,23.9,289,8,0.0,-43.22 -65.28
TRELEW_AERO,30/ENE/2022,03Hs,23.9,219,17,0.0,-43.22 -65.28
TRELEW_AERO,30/ENE/2022,06Hs,20.7,216,26,0.0,-43.22 -65.28
TRELEW_AERO,30/ENE/2022,09Hs,18.5,217,52,0.0,-43.22 -65.28
TRELEW_AERO,30/ENE/2022,12Hs,18.0,215,40,0.0,-43.22 -65.28
TRELEW_AERO,30/ENE/2022,15Hs,16.0,170,43,0.2,-43.22 -65.28
TRELEW_AERO,30/ENE/2022,18Hs,15.2,161,38,0.0,-43.22 -65.28
TRELEW_AERO,30/ENE/2022,21Hs,13.6,154,21,0.0,-43.22 -65.28
TRELEW_AERO,31/ENE/2022,00Hs,13.3,351,6,0.0,-43.22 -65.28
TRELEW_AERO,31/ENE/2022,03Hs,12.3,328,15,0.0,-43.22 -65.28
TRELEW_AERO,31/ENE/2022,06Hs,12.7,317,21,0.0,-43.22 -65.28
TRELEW_AERO,31/ENE/2022,09Hs,15.9,256,28,0.0,-43.22 -65.28
TRELEW_AERO,31/ENE/2022,12Hs,19.7,275,34,0.0,-43.22 -65.28
TRELEW_AERO,31/ENE/2022,15Hs,23.2,268,35,0.0,-43.22 -65.28
TRELEW_AERO,31/ENE/2022,18Hs,25.4,235,32,0.0,-43.22 -65.28
TRELEW_AERO,31/ENE/2022,21Hs,23.5,223,19,0.0,-43.22 -65.28
TRENQUE_LAUQUEN,27/ENE/2022,00Hs,15.5,122,14,0.0,-35.97 -62.73
TRENQUE_LAUQUEN,27/ENE/2022,03Hs,13.0,118,12,0.0,-35.97 -62.73
TRENQUE_LAUQUEN,27/ENE/2022,06Hs,10.9,116,14,0.0,-35.97 -62.73
TRENQUE_LAUQUEN,27/ENE/2022,09Hs,14.9,102,16,0.0,-35.97 -62.73
TRENQUE_LAUQUEN,27/ENE/2022,12Hs,20.3,99,12,0.0,-35.97 -62.73
TRENQUE_LAUQUEN,27/ENE/2022,15Hs,23.3,115,13,0.0,-35.97 -62.73
TRENQUE_LAUQUEN,27/ENE/2022,18Hs,22.8,107,13,0.0,-35.97 -62.73
TRENQUE_LAUQUEN,27/ENE/2022,21Hs,16.7,58,13,0.0,-35.97 -62.73
TRENQUE_LAUQUEN,28/ENE/2022,00Hs,14.6,37,13,0.0,-35.97 -62.73
TRENQUE_LAUQUEN,28/ENE/2022,03Hs,13.0,31,12,0.0,-35.97 -62.73
TRENQUE_LAUQUEN,28/ENE/2022,06Hs,11.7,35,12,0.0,-35.97 -62.73
TRENQUE_LAUQUEN,28/ENE/2022,09Hs,17.0,23,17,0.0,-35.97 -62.73
TRENQUE_LAUQUEN,28/ENE/2022,12Hs,22.7,15,17,0.0,-35.97 -62.73
TRENQUE_LAUQUEN,28/ENE/2022,15Hs,26.0,23,15,0.0,-35.97 -62.73
TRENQUE_LAUQUEN,28/ENE/2022,18Hs,25.9,35,15,0.0,-35.97 -62.73
TRENQUE_LAUQUEN,28/ENE/2022,21Hs,19.2,53,14,0.0,-35.97 -62.73
TRENQUE_LAUQUEN,29/ENE/2022,00Hs,16.8,53,15,0.0,-35.97 -62.73
TRENQUE_LAUQUEN,29/ENE/2022,03Hs,15.5,34,14,0.0,-35.97 -62.73
TRENQUE_LAUQUEN,29/ENE/2022,06Hs,14.3,33,13,0.0,-35.97 -62.73
TRENQUE_LAUQUEN,29/ENE/2022,09Hs,19.4,8,18,0.0,-35.97 -62.73
TRENQUE_LAUQUEN,29/ENE/2022,12Hs,26.5,358,22,0.0,-35.97 -62.73
TRENQUE_LAUQUEN,29/ENE/2022,15Hs,29.9,5,18,0.0,-35.97 -62.73
TRENQUE_LAUQUEN,29/ENE/2022,18Hs,29.6,22,19,0.0,-35.97 -62.73
TRENQUE_LAUQUEN,29/ENE/2022,21Hs,22.3,46,17,0.0,-35.97 -62.73
TRENQUE_LAUQUEN,30/ENE/2022,00Hs,21.2,41,13,0.0,-35.97 -62.73
TRENQUE_LAUQUEN,30/ENE/2022,03Hs,19.1,22,13,0.0,-35.97 -62.73
TRENQUE_LAUQUEN,30/ENE/2022,06Hs,17.0,320,10,0.0,-35.97 -62.73
TRENQUE_LAUQUEN,30/ENE/2022,09Hs,22.5,342,18,0.0,-35.97 -62.73
TRENQUE_LAUQUEN,30/ENE/2022,12Hs,28.6,323,19,0.0,-35.97 -62.73
TRENQUE_LAUQUEN,30/ENE/2022,15Hs,30.7,237,12,0.0,-35.97 -62.73
TRENQUE_LAUQUEN,30/ENE/2022,18Hs,29.3,272,7,0.3,-35.97 -62.73
TRENQUE_LAUQUEN,30/ENE/2022,21Hs,23.1,222,12,0.0,-35.97 -62.73
TRENQUE_LAUQUEN,31/ENE/2022,00Hs,19.5,176,9,0.0,-35.97 -62.73
TRENQUE_LAUQUEN,31/ENE/2022,03Hs,16.7,169,13,0.0,-35.97 -62.73
TRENQUE_LAUQUEN,31/ENE/2022,06Hs,13.9,163,17,0.0,-35.97 -62.73
TRENQUE_LAUQUEN,31/ENE/2022,09Hs,17.9,140,21,0.0,-35.97 -62.73
TRENQUE_LAUQUEN,31/ENE/2022,12Hs,23.1,142,15,0.0,-35.97 -62.73
TRENQUE_LAUQUEN,31/ENE/2022,15Hs,25.7,169,11,0.0,-35.97 -62.73
TRENQUE_LAUQUEN,31/ENE/2022,18Hs,25.3,176,8,0.0,-35.97 -62.73
TRENQUE_LAUQUEN,31/ENE/2022,21Hs,19.6,86,9,0.0,-35.97 -62.73
TRES_ARROYOS,27/ENE/2022,00Hs,12.0,175,9,0.0,-38.37 -60.28
TRES_ARROYOS,27/ENE/2022,03Hs,11.6,191,9,0.0,-38.37 -60.28
TRES_ARROYOS,27/ENE/2022,06Hs,10.9,213,7,0.0,-38.37 -60.28
TRES_ARROYOS,27/ENE/2022,09Hs,17.4,174,16,0.0,-38.37 -60.28
TRES_ARROYOS,27/ENE/2022,12Hs,21.8,167,17,0.0,-38.37 -60.28
TRES_ARROYOS,27/ENE/2022,15Hs,23.6,158,18,0.0,-38.37 -60.28
TRES_ARROYOS,27/ENE/2022,18Hs,22.4,133,14,0.0,-38.37 -60.28
TRES_ARROYOS,27/ENE/2022,21Hs,14.9,106,13,0.0,-38.37 -60.28
TRES_ARROYOS,28/ENE/2022,00Hs,12.4,50,13,0.0,-38.37 -60.28
TRES_ARROYOS,28/ENE/2022,03Hs,12.9,351,16,0.0,-38.37 -60.28
TRES_ARROYOS,28/ENE/2022,06Hs,12.3,339,16,0.0,-38.37 -60.28
TRES_ARROYOS,28/ENE/2022,09Hs,19.5,331,23,0.0,-38.37 -60.28
TRES_ARROYOS,28/ENE/2022,12Hs,26.1,337,20,0.0,-38.37 -60.28
TRES_ARROYOS,28/ENE/2022,15Hs,29.0,340,21,0.0,-38.37 -60.28
TRES_ARROYOS,28/ENE/2022,18Hs,28.0,344,22,0.0,-38.37 -60.28
TRES_ARROYOS,28/ENE/2022,21Hs,21.3,350,21,0.0,-38.37 -60.28
TRES_ARROYOS,29/ENE/2022,00Hs,18.3,352,23,0.0,-38.37 -60.28
TRES_ARROYOS,29/ENE/2022,03Hs,17.2,341,25,0.0,-38.37 -60.28
TRES_ARROYOS,29/ENE/2022,06Hs,16.0,340,24,0.0,-38.37 -60.28
TRES_ARROYOS,29/ENE/2022,09Hs,21.3,333,27,0.0,-38.37 -60.28
TRES_ARROYOS,29/ENE/2022,12Hs,28.7,334,26,0.0,-38.37 -60.28
TRES_ARROYOS,29/ENE/2022,15Hs,31.9,345,23,0.0,-38.37 -60.28
TRES_ARROYOS,29/ENE/2022,18Hs,30.9,350,27,0.0,-38.37 -60.28
TRES_ARROYOS,29/ENE/2022,21Hs,24.7,348,29,0.0,-38.37 -60.28
TRES_ARROYOS,30/ENE/2022,00Hs,21.7,358,25,0.0,-38.37 -60.28
TRES_ARROYOS,30/ENE/2022,03Hs,21.0,340,25,0.0,-38.37 -60.28
TRES_ARROYOS,30/ENE/2022,06Hs,19.7,337,27,0.0,-38.37 -60.28
TRES_ARROYOS,30/ENE/2022,09Hs,24.3,335,32,0.0,-38.37 -60.28
TRES_ARROYOS,30/ENE/2022,12Hs,31.7,314,32,0.0,-38.37 -60.28
TRES_ARROYOS,30/ENE/2022,15Hs,34.2,252,29,0.0,-38.37 -60.28
TRES_ARROYOS,30/ENE/2022,18Hs,24.4,191,14,0.0,-38.37 -60.28
TRES_ARROYOS,30/ENE/2022,21Hs,17.1,165,25,0.0,-38.37 -60.28
TRES_ARROYOS,31/ENE/2022,00Hs,15.7,179,18,0.0,-38.37 -60.28
TRES_ARROYOS,31/ENE/2022,03Hs,14.9,179,12,0.0,-38.37 -60.28
TRES_ARROYOS,31/ENE/2022,06Hs,12.3,196,8,0.0,-38.37 -60.28
TRES_ARROYOS,31/ENE/2022,09Hs,18.0,184,18,0.0,-38.37 -60.28
TRES_ARROYOS,31/ENE/2022,12Hs,22.0,186,17,0.0,-38.37 -60.28
TRES_ARROYOS,31/ENE/2022,15Hs,24.0,194,14,0.0,-38.37 -60.28
TRES_ARROYOS,31/ENE/2022,18Hs,22.2,158,26,0.0,-38.37 -60.28
TRES_ARROYOS,31/ENE/2022,21Hs,14.8,80,15,0.0,-38.37 -60.28
TUCUMAN_AERO,27/ENE/2022,00Hs,19.5,223,15,16.1,-26.83 -65.12
TUCUMAN_AERO,27/ENE/2022,03Hs,18.8,242,8,4.3,-26.83 -65.12
TUCUMAN_AERO,27/ENE/2022,06Hs,19.1,225,5,0.4,-26.83 -65.12
TUCUMAN_AERO,27/ENE/2022,09Hs,19.0,218,9,2.9,-26.83 -65.12
TUCUMAN_AERO,27/ENE/2022,12Hs,19.0,174,13,4.0,-26.83 -65.12
TUCUMAN_AERO,27/ENE/2022,15Hs,18.6,170,9,2.9,-26.83 -65.12
TUCUMAN_AERO,27/ENE/2022,18Hs,19.1,218,8,2.1,-26.83 -65.12
TUCUMAN_AERO,27/ENE/2022,21Hs,17.8,256,8,1.1,-26.83 -65.12
TUCUMAN_AERO,28/ENE/2022,00Hs,17.4,238,6,0.5,-26.83 -65.12
TUCUMAN_AERO,28/ENE/2022,03Hs,17.5,300,6,0.2,-26.83 -65.12
TUCUMAN_AERO,28/ENE/2022,06Hs,17.6,58,0,0.1,-26.83 -65.12
TUCUMAN_AERO,28/ENE/2022,09Hs,19.1,103,5,0.0,-26.83 -65.12
TUCUMAN_AERO,28/ENE/2022,12Hs,22.5,125,10,0.1,-26.83 -65.12
TUCUMAN_AERO,28/ENE/2022,15Hs,24.6,112,5,0.0,-26.83 -65.12
TUCUMAN_AERO,28/ENE/2022,18Hs,23.5,257,5,0.0,-26.83 -65.12
TUCUMAN_AERO,28/ENE/2022,21Hs,20.6,308,7,0.0,-26.83 -65.12
TUCUMAN_AERO,29/ENE/2022,00Hs,20.3,306,7,0.0,-26.83 -65.12
TUCUMAN_AERO,29/ENE/2022,03Hs,19.2,333,3,0.0,-26.83 -65.12
TUCUMAN_AERO,29/ENE/2022,06Hs,17.0,335,5,0.0,-26.83 -65.12
TUCUMAN_AERO,29/ENE/2022,09Hs,21.0,208,2,0.0,-26.83 -65.12
TUCUMAN_AERO,29/ENE/2022,12Hs,25.5,140,9,0.0,-26.83 -65.12
TUCUMAN_AERO,29/ENE/2022,15Hs,27.9,112,10,0.0,-26.83 -65.12
TUCUMAN_AERO,29/ENE/2022,18Hs,28.0,110,8,0.0,-26.83 -65.12
TUCUMAN_AERO,29/ENE/2022,21Hs,21.9,321,3,0.0,-26.83 -65.12
TUCUMAN_AERO,30/ENE/2022,00Hs,20.0,321,7,0.0,-26.83 -65.12
TUCUMAN_AERO,30/ENE/2022,03Hs,19.2,340,6,0.0,-26.83 -65.12
TUCUMAN_AERO,30/ENE/2022,06Hs,19.0,300,6,0.0,-26.83 -65.12
TUCUMAN_AERO,30/ENE/2022,09Hs,23.1,250,6,0.0,-26.83 -65.12
TUCUMAN_AERO,30/ENE/2022,12Hs,28.1,144,9,0.0,-26.83 -65.12
TUCUMAN_AERO,30/ENE/2022,15Hs,30.7,104,10,0.0,-26.83 -65.12
TUCUMAN_AERO,30/ENE/2022,18Hs,31.1,137,8,0.0,-26.83 -65.12
TUCUMAN_AERO,30/ENE/2022,21Hs,23.8,279,7,0.0,-26.83 -65.12
TUCUMAN_AERO,31/ENE/2022,00Hs,23.4,357,3,0.0,-26.83 -65.12
TUCUMAN_AERO,31/ENE/2022,03Hs,22.7,314,7,0.0,-26.83 -65.12
TUCUMAN_AERO,31/ENE/2022,06Hs,21.7,303,9,0.1,-26.83 -65.12
TUCUMAN_AERO,31/ENE/2022,09Hs,23.9,318,11,0.0,-26.83 -65.12
TUCUMAN_AERO,31/ENE/2022,12Hs,25.6,217,21,0.2,-26.83 -65.12
TUCUMAN_AERO,31/ENE/2022,15Hs,23.4,218,17,1.2,-26.83 -65.12
TUCUMAN_AERO,31/ENE/2022,18Hs,22.6,255,11,0.0,-26.83 -65.12
TUCUMAN_AERO,31/ENE/2022,21Hs,20.5,322,5,0.0,-26.83 -65.12
USHUAIA_AERO,27/ENE/2022,00Hs,8.0,271,11,0.8,-54.83 -68.3
USHUAIA_AERO,27/ENE/2022,03Hs,7.5,248,23,2.0,-54.83 -68.3
USHUAIA_AERO,27/ENE/2022,06Hs,7.4,247,26,0.9,-54.83 -68.3
USHUAIA_AERO,27/ENE/2022,09Hs,7.9,244,22,0.1,-54.83 -68.3
USHUAIA_AERO,27/ENE/2022,12Hs,9.9,251,29,0.1,-54.83 -68.3
USHUAIA_AERO,27/ENE/2022,15Hs,9.8,256,20,0.0,-54.83 -68.3
USHUAIA_AERO,27/ENE/2022,18Hs,9.0,245,12,0.0,-54.83 -68.3
USHUAIA_AERO,27/ENE/2022,21Hs,8.2,219,3,0.0,-54.83 -68.3
USHUAIA_AERO,28/ENE/2022,00Hs,7.5,28,5,0.0,-54.83 -68.3
USHUAIA_AERO,28/ENE/2022,03Hs,7.5,349,6,0.0,-54.83 -68.3
USHUAIA_AERO,28/ENE/2022,06Hs,7.4,340,9,0.0,-54.83 -68.3
USHUAIA_AERO,28/ENE/2022,09Hs,8.5,357,11,0.0,-54.83 -68.3
USHUAIA_AERO,28/ENE/2022,12Hs,11.3,12,8,0.0,-54.83 -68.3
USHUAIA_AERO,28/ENE/2022,15Hs,11.4,79,10,0.0,-54.83 -68.3
USHUAIA_AERO,28/ENE/2022,18Hs,10.1,146,16,0.0,-54.83 -68.3
USHUAIA_AERO,28/ENE/2022,21Hs,8.6,186,0,0.0,-54.83 -68.3
USHUAIA_AERO,29/ENE/2022,00Hs,9.0,296,7,0.0,-54.83 -68.3
USHUAIA_AERO,29/ENE/2022,03Hs,9.6,345,11,0.0,-54.83 -68.3
USHUAIA_AERO,29/ENE/2022,06Hs,9.2,330,10,0.0,-54.83 -68.3
USHUAIA_AERO,29/ENE/2022,09Hs,11.1,345,7,0.0,-54.83 -68.3
USHUAIA_AERO,29/ENE/2022,12Hs,13.5,345,9,0.0,-54.83 -68.3
USHUAIA_AERO,29/ENE/2022,15Hs,8.6,223,18,0.0,-54.83 -68.3
USHUAIA_AERO,29/ENE/2022,18Hs,6.4,229,19,1.4,-54.83 -68.3
USHUAIA_AERO,29/ENE/2022,21Hs,5.6,222,15,3.4,-54.83 -68.3
USHUAIA_AERO,30/ENE/2022,00Hs,4.6,285,8,1.4,-54.83 -68.3
USHUAIA_AERO,30/ENE/2022,03Hs,5.0,294,7,0.1,-54.83 -68.3
USHUAIA_AERO,30/ENE/2022,06Hs,5.0,264,8,0.0,-54.83 -68.3
USHUAIA_AERO,30/ENE/2022,09Hs,6.1,236,22,0.1,-54.83 -68.3
USHUAIA_AERO,30/ENE/2022,12Hs,7.0,236,33,0.2,-54.83 -68.3
USHUAIA_AERO,30/ENE/2022,15Hs,8.1,231,35,0.0,-54.83 -68.3
USHUAIA_AERO,30/ENE/2022,18Hs,7.5,237,37,0.1,-54.83 -68.3
USHUAIA_AERO,30/ENE/2022,21Hs,5.9,254,33,0.0,-54.83 -68.3
USHUAIA_AERO,31/ENE/2022,00Hs,5.7,298,15,0.0,-54.83 -68.3
USHUAIA_AERO,31/ENE/2022,03Hs,4.9,336,17,0.0,-54.83 -68.3
USHUAIA_AERO,31/ENE/2022,06Hs,3.9,327,17,1.5,-54.83 -68.3
USHUAIA_AERO,31/ENE/2022,09Hs,5.2,256,24,2.2,-54.83 -68.3
USHUAIA_AERO,31/ENE/2022,12Hs,5.1,263,21,1.3,-54.83 -68.3
USHUAIA_AERO,31/ENE/2022,15Hs,5.0,257,33,2.2,-54.83 -68.3
USHUAIA_AERO,31/ENE/2022,18Hs,5.1,257,42,1.9,-54.83 -68.3
USHUAIA_AERO,31/ENE/2022,21Hs,4.7,257,34,0.8,-54.83 -68.3
USPALLATA_AERO,27/ENE/2022,00Hs,12.3,161,13,8.8,-32.6 -69.33
USPALLATA_AERO,27/ENE/2022,03Hs,12.1,182,12,2.2,-32.6 -69.33
USPALLATA_AERO,27/ENE/2022,06Hs,11.2,172,12,2.6,-32.6 -69.33
USPALLATA_AERO,27/ENE/2022,09Hs,11.4,204,14,4.5,-32.6 -69.33
USPALLATA_AERO,27/ENE/2022,12Hs,12.2,94,7,0.2,-32.6 -69.33
USPALLATA_AERO,27/ENE/2022,15Hs,13.6,76,13,0.2,-32.6 -69.33
USPALLATA_AERO,27/ENE/2022,18Hs,13.3,78,7,0.2,-32.6 -69.33
USPALLATA_AERO,27/ENE/2022,21Hs,13.2,83,5,0.1,-32.6 -69.33
USPALLATA_AERO,28/ENE/2022,00Hs,12.8,5,8,0.1,-32.6 -69.33
USPALLATA_AERO,28/ENE/2022,03Hs,12.3,19,4,0.0,-32.6 -69.33
USPALLATA_AERO,28/ENE/2022,06Hs,11.4,74,1,0.0,-32.6 -69.33
USPALLATA_AERO,28/ENE/2022,09Hs,13.1,80,6,0.0,-32.6 -69.33
USPALLATA_AERO,28/ENE/2022,12Hs,14.8,79,11,0.0,-32.6 -69.33
USPALLATA_AERO,28/ENE/2022,15Hs,16.6,68,11,0.3,-32.6 -69.33
USPALLATA_AERO,28/ENE/2022,18Hs,17.9,61,8,0.1,-32.6 -69.33
USPALLATA_AERO,28/ENE/2022,21Hs,16.8,37,8,0.1,-32.6 -69.33
USPALLATA_AERO,29/ENE/2022,00Hs,15.1,11,7,0.0,-32.6 -69.33
USPALLATA_AERO,29/ENE/2022,03Hs,13.7,317,5,0.2,-32.6 -69.33
USPALLATA_AERO,29/ENE/2022,06Hs,13.1,283,1,0.0,-32.6 -69.33
USPALLATA_AERO,29/ENE/2022,09Hs,16.2,71,5,0.0,-32.6 -69.33
USPALLATA_AERO,29/ENE/2022,12Hs,18.5,97,13,0.0,-32.6 -69.33
USPALLATA_AERO,29/ENE/2022,15Hs,20.2,88,14,0.1,-32.6 -69.33
USPALLATA_AERO,29/ENE/2022,18Hs,20.5,77,8,0.0,-32.6 -69.33
USPALLATA_AERO,29/ENE/2022,21Hs,19.6,53,6,0.2,-32.6 -69.33
USPALLATA_AERO,30/ENE/2022,00Hs,17.6,0,8,0.2,-32.6 -69.33
USPALLATA_AERO,30/ENE/2022,03Hs,16.3,304,2,0.1,-32.6 -69.33
USPALLATA_AERO,30/ENE/2022,06Hs,14.3,60,3,0.6,-32.6 -69.33
USPALLATA_AERO,30/ENE/2022,09Hs,16.1,108,7,0.2,-32.6 -69.33
USPALLATA_AERO,30/ENE/2022,12Hs,18.0,113,14,0.5,-32.6 -69.33
USPALLATA_AERO,30/ENE/2022,15Hs,19.4,97,13,0.2,-32.6 -69.33
USPALLATA_AERO,30/ENE/2022,18Hs,20.5,110,11,0.2,-32.6 -69.33
USPALLATA_AERO,30/ENE/2022,21Hs,19.5,115,7,0.4,-32.6 -69.33
USPALLATA_AERO,31/ENE/2022,00Hs,15.4,118,12,1.2,-32.6 -69.33
USPALLATA_AERO,31/ENE/2022,03Hs,13.6,160,8,0.4,-32.6 -69.33
USPALLATA_AERO,31/ENE/2022,06Hs,12.6,150,9,0.0,-32.6 -69.33
USPALLATA_AERO,31/ENE/2022,09Hs,10.8,140,9,0.1,-32.6 -69.33
USPALLATA_AERO,31/ENE/2022,12Hs,14.4,72,14,0.0,-32.6 -69.33
USPALLATA_AERO,31/ENE/2022,15Hs,16.3,75,13,0.0,-32.6 -69.33
USPALLATA_AERO,31/ENE/2022,18Hs,17.4,75,10,0.0,-32.6 -69.33
USPALLATA_AERO,31/ENE/2022,21Hs,16.2,29,5,0.0,-32.6 -69.33
VENADO_TUERTO,27/ENE/2022,00Hs,20.0,126,22,0.0,-33.68 -61.97
VENADO_TUERTO,27/ENE/2022,03Hs,15.8,132,23,0.0,-33.68 -61.97
VENADO_TUERTO,27/ENE/2022,06Hs,12.7,132,18,0.0,-33.68 -61.97
VENADO_TUERTO,27/ENE/2022,09Hs,15.0,118,21,0.0,-33.68 -61.97
VENADO_TUERTO,27/ENE/2022,12Hs,20.8,122,17,0.0,-33.68 -61.97
VENADO_TUERTO,27/ENE/2022,15Hs,24.2,128,16,0.0,-33.68 -61.97
VENADO_TUERTO,27/ENE/2022,18Hs,23.8,120,15,0.0,-33.68 -61.97
VENADO_TUERTO,27/ENE/2022,21Hs,17.7,105,10,0.0,-33.68 -61.97
VENADO_TUERTO,28/ENE/2022,00Hs,14.8,96,11,0.0,-33.68 -61.97
VENADO_TUERTO,28/ENE/2022,03Hs,12.8,74,12,0.0,-33.68 -61.97
VENADO_TUERTO,28/ENE/2022,06Hs,11.5,65,12,0.0,-33.68 -61.97
VENADO_TUERTO,28/ENE/2022,09Hs,17.5,50,15,0.0,-33.68 -61.97
VENADO_TUERTO,28/ENE/2022,12Hs,23.6,44,11,0.0,-33.68 -61.97
VENADO_TUERTO,28/ENE/2022,15Hs,27.1,64,11,0.0,-33.68 -61.97
VENADO_TUERTO,28/ENE/2022,18Hs,27.3,63,11,0.0,-33.68 -61.97
VENADO_TUERTO,28/ENE/2022,21Hs,19.6,40,10,0.0,-33.68 -61.97
VENADO_TUERTO,29/ENE/2022,00Hs,17.4,45,9,0.0,-33.68 -61.97
VENADO_TUERTO,29/ENE/2022,03Hs,15.3,14,10,0.0,-33.68 -61.97
VENADO_TUERTO,29/ENE/2022,06Hs,14.2,30,12,0.0,-33.68 -61.97
VENADO_TUERTO,29/ENE/2022,09Hs,20.6,15,17,0.0,-33.68 -61.97
VENADO_TUERTO,29/ENE/2022,12Hs,27.5,12,17,0.0,-33.68 -61.97
VENADO_TUERTO,29/ENE/2022,15Hs,30.8,22,14,0.0,-33.68 -61.97
VENADO_TUERTO,29/ENE/2022,18Hs,30.5,34,14,0.0,-33.68 -61.97
VENADO_TUERTO,29/ENE/2022,21Hs,22.2,33,14,0.0,-33.68 -61.97
VENADO_TUERTO,30/ENE/2022,00Hs,19.7,350,13,0.0,-33.68 -61.97
VENADO_TUERTO,30/ENE/2022,03Hs,17.7,3,9,0.0,-33.68 -61.97
VENADO_TUERTO,30/ENE/2022,06Hs,16.9,3,13,0.0,-33.68 -61.97
VENADO_TUERTO,30/ENE/2022,09Hs,23.1,9,14,0.0,-33.68 -61.97
VENADO_TUERTO,30/ENE/2022,12Hs,30.2,354,16,0.0,-33.68 -61.97
VENADO_TUERTO,30/ENE/2022,15Hs,33.2,342,11,0.0,-33.68 -61.97
VENADO_TUERTO,30/ENE/2022,18Hs,33.2,12,10,0.0,-33.68 -61.97
VENADO_TUERTO,30/ENE/2022,21Hs,25.7,16,11,0.0,-33.68 -61.97
VENADO_TUERTO,31/ENE/2022,00Hs,20.2,168,6,0.2,-33.68 -61.97
VENADO_TUERTO,31/ENE/2022,03Hs,20.0,229,13,0.1,-33.68 -61.97
VENADO_TUERTO,31/ENE/2022,06Hs,18.8,202,15,0.0,-33.68 -61.97
VENADO_TUERTO,31/ENE/2022,09Hs,21.0,175,21,0.2,-33.68 -61.97
VENADO_TUERTO,31/ENE/2022,12Hs,28.0,159,22,0.0,-33.68 -61.97
VENADO_TUERTO,31/ENE/2022,15Hs,30.7,163,15,0.0,-33.68 -61.97
VENADO_TUERTO,31/ENE/2022,18Hs,30.0,153,15,0.0,-33.68 -61.97
VENADO_TUERTO,31/ENE/2022,21Hs,22.4,128,15,0.0,-33.68 -61.97
VICTORICA,27/ENE/2022,00Hs,19.7,84,27,0.0,-36.22 -65.43
VICTORICA,27/ENE/2022,03Hs,16.5,85,28,0.0,-36.22 -65.43
VICTORICA,27/ENE/2022,06Hs,13.7,73,20,0.0,-36.22 -65.43
VICTORICA,27/ENE/2022,09Hs,16.3,50,21,0.0,-36.22 -65.43
VICTORICA,27/ENE/2022,12Hs,22.3,47,23,0.0,-36.22 -65.43
VICTORICA,27/ENE/2022,15Hs,25.8,48,24,0.0,-36.22 -65.43
VICTORICA,27/ENE/2022,18Hs,25.6,46,27,0.0,-36.22 -65.43
VICTORICA,27/ENE/2022,21Hs,20.1,43,24,0.0,-36.22 -65.43
VICTORICA,28/ENE/2022,00Hs,16.7,38,18,0.0,-36.22 -65.43
VICTORICA,28/ENE/2022,03Hs,15.3,30,23,0.0,-36.22 -65.43
VICTORICA,28/ENE/2022,06Hs,14.3,28,24,0.0,-36.22 -65.43
VICTORICA,28/ENE/2022,09Hs,19.0,22,31,0.0,-36.22 -65.43
VICTORICA,28/ENE/2022,12Hs,26.1,14,28,0.0,-36.22 -65.43
VICTORICA,28/ENE/2022,15Hs,30.1,8,25,0.0,-36.22 -65.43
VICTORICA,28/ENE/2022,18Hs,31.0,21,24,0.0,-36.22 -65.43
VICTORICA,28/ENE/2022,21Hs,25.0,41,35,0.0,-36.22 -65.43
VICTORICA,29/ENE/2022,00Hs,22.0,26,28,0.0,-36.22 -65.43
VICTORICA,29/ENE/2022,03Hs,19.4,10,14,0.1,-36.22 -65.43
VICTORICA,29/ENE/2022,06Hs,18.4,17,17,0.0,-36.22 -65.43
VICTORICA,29/ENE/2022,09Hs,22.6,352,18,0.4,-36.22 -65.43
VICTORICA,29/ENE/2022,12Hs,31.1,307,17,0.0,-36.22 -65.43
VICTORICA,29/ENE/2022,15Hs,34.7,318,22,0.0,-36.22 -65.43
VICTORICA,29/ENE/2022,18Hs,35.4,283,24,0.0,-36.22 -65.43
VICTORICA,29/ENE/2022,21Hs,20.2,78,34,0.0,-36.22 -65.43
VICTORICA,30/ENE/2022,00Hs,21.0,21,33,0.2,-36.22 -65.43
VICTORICA,30/ENE/2022,03Hs,20.0,322,22,0.6,-36.22 -65.43
VICTORICA,30/ENE/2022,06Hs,20.4,219,14,0.0,-36.22 -65.43
VICTORICA,30/ENE/2022,09Hs,24.8,188,19,0.0,-36.22 -65.43
VICTORICA,30/ENE/2022,12Hs,29.5,187,24,0.0,-36.22 -65.43
VICTORICA,30/ENE/2022,15Hs,30.9,210,22,0.0,-36.22 -65.43
VICTORICA,30/ENE/2022,18Hs,29.4,195,29,0.0,-36.22 -65.43
VICTORICA,30/ENE/2022,21Hs,23.0,71,6,0.0,-36.22 -65.43
VICTORICA,31/ENE/2022,00Hs,20.7,183,17,0.0,-36.22 -65.43
VICTORICA,31/ENE/2022,03Hs,18.0,223,17,0.0,-36.22 -65.43
VICTORICA,31/ENE/2022,06Hs,13.3,147,17,0.0,-36.22 -65.43
VICTORICA,31/ENE/2022,09Hs,16.8,115,20,0.0,-36.22 -65.43
VICTORICA,31/ENE/2022,12Hs,22.5,102,9,0.0,-36.22 -65.43
VICTORICA,31/ENE/2022,15Hs,26.1,271,3,0.0,-36.22 -65.43
VICTORICA,31/ENE/2022,18Hs,28.0,329,7,0.0,-36.22 -65.43
VICTORICA,31/ENE/2022,21Hs,23.4,311,8,0.0,-36.22 -65.43
VIEDMA_AERO,27/ENE/2022,00Hs,15.0,171,5,0.0,-40.87 -63.0
VIEDMA_AERO,27/ENE/2022,03Hs,14.2,270,4,0.0,-40.87 -63.0
VIEDMA_AERO,27/ENE/2022,06Hs,13.3,284,10,0.0,-40.87 -63.0
VIEDMA_AERO,27/ENE/2022,09Hs,16.5,271,6,0.0,-40.87 -63.0
VIEDMA_AERO,27/ENE/2022,12Hs,21.1,207,2,0.0,-40.87 -63.0
VIEDMA_AERO,27/ENE/2022,15Hs,23.1,93,15,0.0,-40.87 -63.0
VIEDMA_AERO,27/ENE/2022,18Hs,23.4,49,31,0.0,-40.87 -63.0
VIEDMA_AERO,27/ENE/2022,21Hs,19.0,25,29,0.0,-40.87 -63.0
VIEDMA_AERO,28/ENE/2022,00Hs,18.5,4,27,0.0,-40.87 -63.0
VIEDMA_AERO,28/ENE/2022,03Hs,18.2,360,25,0.0,-40.87 -63.0
VIEDMA_AERO,28/ENE/2022,06Hs,18.2,344,25,0.0,-40.87 -63.0
VIEDMA_AERO,28/ENE/2022,09Hs,23.0,319,31,0.0,-40.87 -63.0
VIEDMA_AERO,28/ENE/2022,12Hs,28.6,313,31,0.0,-40.87 -63.0
VIEDMA_AERO,28/ENE/2022,15Hs,31.1,314,28,0.0,-40.87 -63.0
VIEDMA_AERO,28/ENE/2022,18Hs,31.2,314,24,0.0,-40.87 -63.0
VIEDMA_AERO,28/ENE/2022,21Hs,27.7,354,17,0.0,-40.87 -63.0
VIEDMA_AERO,29/ENE/2022,00Hs,24.4,6,27,0.0,-40.87 -63.0
VIEDMA_AERO,29/ENE/2022,03Hs,24.3,339,33,0.0,-40.87 -63.0
VIEDMA_AERO,29/ENE/2022,06Hs,22.9,339,29,0.0,-40.87 -63.0
VIEDMA_AERO,29/ENE/2022,09Hs,25.4,339,33,0.0,-40.87 -63.0
VIEDMA_AERO,29/ENE/2022,12Hs,31.3,331,25,0.0,-40.87 -63.0
VIEDMA_AERO,29/ENE/2022,15Hs,34.3,323,21,0.0,-40.87 -63.0
VIEDMA_AERO,29/ENE/2022,18Hs,26.3,206,20,0.0,-40.87 -63.0
VIEDMA_AERO,29/ENE/2022,21Hs,23.5,62,15,0.0,-40.87 -63.0
VIEDMA_AERO,30/ENE/2022,00Hs,25.7,10,40,0.0,-40.87 -63.0
VIEDMA_AERO,30/ENE/2022,03Hs,25.0,335,33,0.0,-40.87 -63.0
VIEDMA_AERO,30/ENE/2022,06Hs,24.3,281,29,0.0,-40.87 -63.0
VIEDMA_AERO,30/ENE/2022,09Hs,21.4,203,33,0.0,-40.87 -63.0
VIEDMA_AERO,30/ENE/2022,12Hs,21.9,194,29,0.0,-40.87 -63.0
VIEDMA_AERO,30/ENE/2022,15Hs,19.9,203,29,0.0,-40.87 -63.0
VIEDMA_AERO,30/ENE/2022,18Hs,17.1,197,39,0.0,-40.87 -63.0
VIEDMA_AERO,30/ENE/2022,21Hs,16.1,173,27,0.2,-40.87 -63.0
VIEDMA_AERO,31/ENE/2022,00Hs,15.3,190,22,0.0,-40.87 -63.0
VIEDMA_AERO,31/ENE/2022,03Hs,15.0,203,21,0.0,-40.87 -63.0
VIEDMA_AERO,31/ENE/2022,06Hs,13.7,206,13,0.0,-40.87 -63.0
VIEDMA_AERO,31/ENE/2022,09Hs,15.7,262,9,0.0,-40.87 -63.0
VIEDMA_AERO,31/ENE/2022,12Hs,19.4,255,12,0.0,-40.87 -63.0
VIEDMA_AERO,31/ENE/2022,15Hs,21.3,200,18,0.0,-40.87 -63.0
VIEDMA_AERO,31/ENE/2022,18Hs,24.1,305,17,0.0,-40.87 -63.0
VIEDMA_AERO,31/ENE/2022,21Hs,20.4,165,15,0.0,-40.87 -63.0
VILLA_DOLORES_AERO,27/ENE/2022,00Hs,19.5,35,5,1.5,-37.23 -57.02
VILLA_DOLORES_AERO,27/ENE/2022,03Hs,20.1,325,5,0.6,-37.23 -57.02
VILLA_DOLORES_AERO,27/ENE/2022,06Hs,19.4,334,7,0.0,-37.23 -57.02
VILLA_DOLORES_AERO,27/ENE/2022,09Hs,19.3,281,7,0.2,-37.23 -57.02
VILLA_DOLORES_AERO,27/ENE/2022,12Hs,21.1,272,8,0.4,-37.23 -57.02
VILLA_DOLORES_AERO,27/ENE/2022,15Hs,19.9,289,10,0.8,-37.23 -57.02
VILLA_DOLORES_AERO,27/ENE/2022,18Hs,20.0,241,4,1.1,-37.23 -57.02
VILLA_DOLORES_AERO,27/ENE/2022,21Hs,18.5,249,4,0.4,-37.23 -57.02
VILLA_DOLORES_AERO,28/ENE/2022,00Hs,17.7,38,6,1.8,-37.23 -57.02
VILLA_DOLORES_AERO,28/ENE/2022,03Hs,17.3,22,5,0.0,-37.23 -57.02
VILLA_DOLORES_AERO,28/ENE/2022,06Hs,16.9,304,2,0.0,-37.23 -57.02
VILLA_DOLORES_AERO,28/ENE/2022,09Hs,18.1,255,3,0.0,-37.23 -57.02
VILLA_DOLORES_AERO,28/ENE/2022,12Hs,23.0,253,10,0.0,-37.23 -57.02
VILLA_DOLORES_AERO,28/ENE/2022,15Hs,27.5,270,12,0.0,-37.23 -57.02
VILLA_DOLORES_AERO,28/ENE/2022,18Hs,28.6,267,10,0.0,-37.23 -57.02
VILLA_DOLORES_AERO,28/ENE/2022,21Hs,21.2,351,4,0.0,-37.23 -57.02
VILLA_DOLORES_AERO,29/ENE/2022,00Hs,19.4,50,10,0.0,-37.23 -57.02
VILLA_DOLORES_AERO,29/ENE/2022,03Hs,18.8,56,9,0.0,-37.23 -57.02
VILLA_DOLORES_AERO,29/ENE/2022,06Hs,17.7,44,6,0.0,-37.23 -57.02
VILLA_DOLORES_AERO,29/ENE/2022,09Hs,22.7,320,7,0.0,-37.23 -57.02
VILLA_DOLORES_AERO,29/ENE/2022,12Hs,27.5,279,10,0.0,-37.23 -57.02
VILLA_DOLORES_AERO,29/ENE/2022,15Hs,30.9,270,13,0.0,-37.23 -57.02
VILLA_DOLORES_AERO,29/ENE/2022,18Hs,31.1,298,8,0.0,-37.23 -57.02
VILLA_DOLORES_AERO,29/ENE/2022,21Hs,23.6,8,11,0.0,-37.23 -57.02
VILLA_DOLORES_AERO,30/ENE/2022,00Hs,21.4,54,10,0.0,-37.23 -57.02
VILLA_DOLORES_AERO,30/ENE/2022,03Hs,20.8,52,10,0.0,-37.23 -57.02
VILLA_DOLORES_AERO,30/ENE/2022,06Hs,19.7,44,9,0.0,-37.23 -57.02
VILLA_DOLORES_AERO,30/ENE/2022,09Hs,25.5,334,8,0.0,-37.23 -57.02
VILLA_DOLORES_AERO,30/ENE/2022,12Hs,30.3,291,12,0.0,-37.23 -57.02
VILLA_DOLORES_AERO,30/ENE/2022,15Hs,33.1,283,14,0.0,-37.23 -57.02
VILLA_DOLORES_AERO,30/ENE/2022,18Hs,33.0,313,12,0.0,-37.23 -57.02
VILLA_DOLORES_AERO,30/ENE/2022,21Hs,24.8,23,8,0.0,-37.23 -57.02
VILLA_DOLORES_AERO,31/ENE/2022,00Hs,23.2,63,8,0.0,-37.23 -57.02
VILLA_DOLORES_AERO,31/ENE/2022,03Hs,21.7,101,10,0.0,-37.23 -57.02
VILLA_DOLORES_AERO,31/ENE/2022,06Hs,20.2,150,13,0.0,-37.23 -57.02
VILLA_DOLORES_AERO,31/ENE/2022,09Hs,23.7,164,9,0.0,-37.23 -57.02
VILLA_DOLORES_AERO,31/ENE/2022,12Hs,28.9,223,17,0.1,-37.23 -57.02
VILLA_DOLORES_AERO,31/ENE/2022,15Hs,30.9,270,8,0.0,-37.23 -57.02
VILLA_DOLORES_AERO,31/ENE/2022,18Hs,30.5,22,8,0.0,-37.23 -57.02
VILLA_DOLORES_AERO,31/ENE/2022,21Hs,24.3,43,10,0.0,-37.23 -57.02
VILLA_GESELL_AERO,27/ENE/2022,00Hs,12.8,171,18,0.0,-37.23 -57.02
VILLA_GESELL_AERO,27/ENE/2022,03Hs,10.4,204,12,0.0,-37.23 -57.02
VILLA_GESELL_AERO,27/ENE/2022,06Hs,9.8,199,14,0.0,-37.23 -57.02
VILLA_GESELL_AERO,27/ENE/2022,09Hs,16.3,169,23,0.0,-37.23 -57.02
VILLA_GESELL_AERO,27/ENE/2022,12Hs,19.7,154,22,0.0,-37.23 -57.02
VILLA_GESELL_AERO,27/ENE/2022,15Hs,21.0,142,21,0.0,-37.23 -57.02
VILLA_GESELL_AERO,27/ENE/2022,18Hs,18.6,125,18,0.0,-37.23 -57.02
VILLA_GESELL_AERO,27/ENE/2022,21Hs,12.4,108,13,0.0,-37.23 -57.02
VILLA_GESELL_AERO,28/ENE/2022,00Hs,10.7,84,9,0.0,-37.23 -57.02
VILLA_GESELL_AERO,28/ENE/2022,03Hs,9.6,28,4,0.0,-37.23 -57.02
VILLA_GESELL_AERO,28/ENE/2022,06Hs,9.3,14,4,0.0,-37.23 -57.02
VILLA_GESELL_AERO,28/ENE/2022,09Hs,16.1,336,7,0.0,-37.23 -57.02
VILLA_GESELL_AERO,28/ENE/2022,12Hs,20.9,340,9,0.0,-37.23 -57.02
VILLA_GESELL_AERO,28/ENE/2022,15Hs,23.8,342,9,0.0,-37.23 -57.02
VILLA_GESELL_AERO,28/ENE/2022,18Hs,23.6,344,9,0.0,-37.23 -57.02
VILLA_GESELL_AERO,28/ENE/2022,21Hs,15.1,19,14,0.0,-37.23 -57.02
VILLA_GESELL_AERO,29/ENE/2022,00Hs,13.3,16,13,0.0,-37.23 -57.02
VILLA_GESELL_AERO,29/ENE/2022,03Hs,12.8,4,12,0.0,-37.23 -57.02
VILLA_GESELL_AERO,29/ENE/2022,06Hs,12.1,333,11,0.0,-37.23 -57.02
VILLA_GESELL_AERO,29/ENE/2022,09Hs,19.8,346,16,0.0,-37.23 -57.02
VILLA_GESELL_AERO,29/ENE/2022,12Hs,25.1,333,18,0.0,-37.23 -57.02
VILLA_GESELL_AERO,29/ENE/2022,15Hs,27.4,332,17,0.0,-37.23 -57.02
VILLA_GESELL_AERO,29/ENE/2022,18Hs,26.6,339,16,0.0,-37.23 -57.02
VILLA_GESELL_AERO,29/ENE/2022,21Hs,18.7,30,19,0.0,-37.23 -57.02
VILLA_GESELL_AERO,30/ENE/2022,00Hs,16.4,18,15,0.0,-37.23 -57.02
VILLA_GESELL_AERO,30/ENE/2022,03Hs,16.0,24,14,0.0,-37.23 -57.02
VILLA_GESELL_AERO,30/ENE/2022,06Hs,16.7,11,14,0.0,-37.23 -57.02
VILLA_GESELL_AERO,30/ENE/2022,09Hs,22.4,347,26,0.0,-37.23 -57.02
VILLA_GESELL_AERO,30/ENE/2022,12Hs,27.6,340,27,0.0,-37.23 -57.02
VILLA_GESELL_AERO,30/ENE/2022,15Hs,29.8,336,24,0.0,-37.23 -57.02
VILLA_GESELL_AERO,30/ENE/2022,18Hs,28.5,354,22,0.0,-37.23 -57.02
VILLA_GESELL_AERO,30/ENE/2022,21Hs,21.9,20,20,0.0,-37.23 -57.02
VILLA_GESELL_AERO,31/ENE/2022,00Hs,17.9,13,11,0.4,-37.23 -57.02
VILLA_GESELL_AERO,31/ENE/2022,03Hs,16.7,271,11,1.8,-37.23 -57.02
VILLA_GESELL_AERO,31/ENE/2022,06Hs,15.9,189,18,1.7,-37.23 -57.02
VILLA_GESELL_AERO,31/ENE/2022,09Hs,18.5,174,27,0.2,-37.23 -57.02
VILLA_GESELL_AERO,31/ENE/2022,12Hs,22.9,181,24,0.0,-37.23 -57.02
VILLA_GESELL_AERO,31/ENE/2022,15Hs,24.3,174,21,0.0,-37.23 -57.02
VILLA_GESELL_AERO,31/ENE/2022,18Hs,19.9,125,27,0.0,-37.23 -57.02
VILLA_GESELL_AERO,31/ENE/2022,21Hs,14.1,112,14,0.0,-37.23 -57.02
VILLA_MARIA_DEL_RIO_SECO,27/ENE/2022,00Hs,20.0,170,21,0.5,-37.23 -57.02
VILLA_MARIA_DEL_RIO_SECO,27/ENE/2022,03Hs,18.1,171,19,0.0,-37.23 -57.02
VILLA_MARIA_DEL_RIO_SECO,27/ENE/2022,06Hs,17.5,161,22,0.2,-37.23 -57.02
VILLA_MARIA_DEL_RIO_SECO,27/ENE/2022,09Hs,17.4,159,26,0.2,-37.23 -57.02
VILLA_MARIA_DEL_RIO_SECO,27/ENE/2022,12Hs,18.1,164,25,0.0,-37.23 -57.02
VILLA_MARIA_DEL_RIO_SECO,27/ENE/2022,15Hs,23.6,143,27,0.0,-37.23 -57.02
VILLA_MARIA_DEL_RIO_SECO,27/ENE/2022,18Hs,22.9,145,23,0.0,-37.23 -57.02
VILLA_MARIA_DEL_RIO_SECO,27/ENE/2022,21Hs,16.7,176,14,0.0,-37.23 -57.02
VILLA_MARIA_DEL_RIO_SECO,28/ENE/2022,00Hs,15.4,213,10,0.0,-37.23 -57.02
VILLA_MARIA_DEL_RIO_SECO,28/ENE/2022,03Hs,14.8,231,10,0.0,-37.23 -57.02
VILLA_MARIA_DEL_RIO_SECO,28/ENE/2022,06Hs,14.1,241,6,0.0,-37.23 -57.02
VILLA_MARIA_DEL_RIO_SECO,28/ENE/2022,09Hs,18.0,151,7,0.0,-37.23 -57.02
VILLA_MARIA_DEL_RIO_SECO,28/ENE/2022,12Hs,22.2,111,11,0.0,-37.23 -57.02
VILLA_MARIA_DEL_RIO_SECO,28/ENE/2022,15Hs,25.3,98,12,0.0,-37.23 -57.02
VILLA_MARIA_DEL_RIO_SECO,28/ENE/2022,18Hs,25.4,95,12,0.0,-37.23 -57.02
VILLA_MARIA_DEL_RIO_SECO,28/ENE/2022,21Hs,19.5,126,6,0.0,-37.23 -57.02
VILLA_MARIA_DEL_RIO_SECO,29/ENE/2022,00Hs,16.6,249,6,0.0,-37.23 -57.02
VILLA_MARIA_DEL_RIO_SECO,29/ENE/2022,03Hs,15.8,262,6,0.0,-37.23 -57.02
VILLA_MARIA_DEL_RIO_SECO,29/ENE/2022,06Hs,15.0,242,6,0.0,-37.23 -57.02
VILLA_MARIA_DEL_RIO_SECO,29/ENE/2022,09Hs,19.7,128,5,0.0,-37.23 -57.02
VILLA_MARIA_DEL_RIO_SECO,29/ENE/2022,12Hs,25.0,82,11,0.0,-37.23 -57.02
VILLA_MARIA_DEL_RIO_SECO,29/ENE/2022,15Hs,28.0,87,12,0.0,-37.23 -57.02
VILLA_MARIA_DEL_RIO_SECO,29/ENE/2022,18Hs,27.8,87,11,0.0,-37.23 -57.02
VILLA_MARIA_DEL_RIO_SECO,29/ENE/2022,21Hs,21.3,276,3,0.0,-37.23 -57.02
VILLA_MARIA_DEL_RIO_SECO,30/ENE/2022,00Hs,18.9,271,7,0.0,-37.23 -57.02
VILLA_MARIA_DEL_RIO_SECO,30/ENE/2022,03Hs,17.9,262,6,0.0,-37.23 -57.02
VILLA_MARIA_DEL_RIO_SECO,30/ENE/2022,06Hs,17.1,265,6,0.0,-37.23 -57.02
VILLA_MARIA_DEL_RIO_SECO,30/ENE/2022,09Hs,22.4,108,5,0.0,-37.23 -57.02
VILLA_MARIA_DEL_RIO_SECO,30/ENE/2022,12Hs,28.2,75,12,0.0,-37.23 -57.02
VILLA_MARIA_DEL_RIO_SECO,30/ENE/2022,15Hs,31.3,76,14,0.0,-37.23 -57.02
VILLA_MARIA_DEL_RIO_SECO,30/ENE/2022,18Hs,31.2,84,12,0.0,-37.23 -57.02
VILLA_MARIA_DEL_RIO_SECO,30/ENE/2022,21Hs,24.2,214,2,0.0,-37.23 -57.02
VILLA_MARIA_DEL_RIO_SECO,31/ENE/2022,00Hs,21.5,236,10,0.0,-37.23 -57.02
VILLA_MARIA_DEL_RIO_SECO,31/ENE/2022,03Hs,20.5,235,8,0.0,-37.23 -57.02
VILLA_MARIA_DEL_RIO_SECO,31/ENE/2022,06Hs,17.5,230,12,0.0,-37.23 -57.02
VILLA_MARIA_DEL_RIO_SECO,31/ENE/2022,09Hs,21.2,189,19,0.0,-37.23 -57.02
VILLA_MARIA_DEL_RIO_SECO,31/ENE/2022,12Hs,27.1,164,22,0.0,-37.23 -57.02
VILLA_MARIA_DEL_RIO_SECO,31/ENE/2022,15Hs,29.6,153,17,0.0,-37.23 -57.02
VILLA_MARIA_DEL_RIO_SECO,31/ENE/2022,18Hs,28.2,169,17,0.0,-37.23 -57.02
VILLA_MARIA_DEL_RIO_SECO,31/ENE/2022,21Hs,22.4,180,8,0.0,-37.23 -57.02
